"id_pl"	"population"	"shoot_h"	"veg_height"	"fl_phenology"	"n_intact_fruits"	"fl_number"	"n_eggs"	"n_myrmica"	"soil_temp"
"1"	"H_15_002"	"Högsjön"	27	20	2	0	3	3	0	12,483871
"2"	"H_15_006"	"Högsjön"	15	25	2	0	1	0	0	14,4193548
"3"	"H_15_007"	"Högsjön"	31	60	1	1	3	0	0	14,1451613
"4"	"H_15_008"	"Högsjön"	12,7	17,5	2	0	1	6	0	15,1290323
"5"	"H_15_009"	"Högsjön"	9	17,5	1	0	1	2	0	15,0322581
"6"	"H_15_010"	"Högsjön"	20	17,5	2	1	2	2	0	15,8548387
"7"	"H_15_012"	"Högsjön"	25	40	1	0	1	0	0	14,1612903
"8"	"H_15_013"	"Högsjön"	40	60	2	0	2	0	16	13,9354839
"9"	"H_15_014"	"Högsjön"	46	45	3	1	8	17	0	14,5806452
"10"	"H_15_015"	"Högsjön"	30	27,5	2	1	2	0	15	14,3064516
"11"	"H_15_016"	"Högsjön"	22	27,5	2	1	3	0	1	14,9032258
"12"	"H_15_017"	"Högsjön"	33	27,5	2	0	8	7	1	14,8870968
"13"	"H_15_018"	"Högsjön"	18	27,5	2	0	5	1	4	14,6451613
"14"	"H_15_020"	"Högsjön"	12	25	2	1	1	0	0	14,1612903
"15"	"H_15_022"	"Högsjön"	22	30	2	0	2	0	2	14,6290323
"16"	"H_15_023"	"Högsjön"	26,5	40	1	0	3	0	3	14,6451613
"17"	"H_15_025"	"Högsjön"	14,5	25	2	0	1	0	0	14,6774194
"18"	"H_15_026"	"Högsjön"	27	50	2	0	2	0	5	14,7580645
"19"	"H_15_027"	"Högsjön"	11	15	2	0	1	0	1	14,4516129
"20"	"H_15_030"	"Högsjön"	23	40	2	1	2	0	15	14,7741935
"21"	"H_15_032"	"Högsjön"	24	35	2	1	2	1	11	14,7903226
"22"	"H_15_033"	"Högsjön"	19	35	2	0	2	0	18	14,7580645
"23"	"H_15_035"	"Högsjön"	22	22,5	2	1	2	1	8	14,8548387
"24"	"H_15_037"	"Högsjön"	16,5	20	1	1	2	0	0	15,0806452
"25"	"H_15_038"	"Högsjön"	19	50	2	1	1	0	6	14,0322581
"26"	"H_15_039"	"Högsjön"	15	15	2	2	3	0	0	15,5806452
"27"	"H_15_041"	"Högsjön"	18	10	2	2	3	0	0	14,2741935
"28"	"H_15_043"	"Högsjön"	21,5	45	1	1	3	0	2	14,8225806
"29"	"H_15_046"	"Högsjön"	12	20	1	1	1	0	0	14,5
"30"	"H_15_047"	"Högsjön"	10	15	1	0	1	0	1	14,6774194
"31"	"H_15_048"	"Högsjön"	23	35	2	0	1	0	0	14,3225806
"32"	"H_15_049"	"Högsjön"	25,5	40	2	1	3	0	2	14,1129032
"33"	"H_15_053"	"Högsjön"	24	60	2	0	1	0	4	13,9354839
"34"	"H_15_056"	"Högsjön"	13	12,5	2	1	2	0	0	14,1774194
"35"	"H_15_057"	"Högsjön"	12,5	25	2	0	2	1	0	13,1935484
"36"	"H_15_058"	"Högsjön"	14	25	2	0	2	0	0	13,6612903
"37"	"H_15_059"	"Högsjön"	15	40	1	0	1	2	0	14,2741935
"38"	"H_15_060"	"Högsjön"	19	40	2	1	1	0	0	13,5806452
"39"	"H_15_065"	"Högsjön"	13	40	1	0	2	0	0	13,6935484
"40"	"H_15_067"	"Högsjön"	22,5	27,5	2	1	3	3	0	11,516129
"41"	"H_15_068"	"Högsjön"	20	40	2	0	3	0	0	13,9193548
"42"	"H_15_069"	"Högsjön"	22	25	2	0	3	9	0	13,7258065
"43"	"H_15_070"	"Högsjön"	25	40	2	0	2	6	0	13,8064516
"44"	"H_15_071"	"Högsjön"	21	40	2	0	2	0	0	13,7258065
"45"	"H_15_073"	"Högsjön"	28	45	2	1	1	3	0	13,8548387
"46"	"H_15_074"	"Högsjön"	23	60	1	1	2	0	0	12,6935484
"47"	"H_15_075"	"Högsjön"	19,5	17,5	1	0	3	0	0	13,6129032
"48"	"H_15_076"	"Högsjön"	23,5	30	2	1	3	9	15	13,8387097
"49"	"H_15_078"	"Högsjön"	19	32,5	2	0	1	0	0	14
"50"	"H_15_079"	"Högsjön"	25	32,5	2	0	1	0	0	15
"51"	"H_15_080"	"Högsjön"	25	47,5	2	0	3	0	0	14,3225806
"52"	"H_15_083"	"Högsjön"	14	40	2	0	1	0	0	14,0322581
"53"	"H_15_086"	"Högsjön"	20,5	37,5	2	0	2	2	3	13,2903226
"54"	"H_15_087"	"Högsjön"	31	32,5	2	1	3	0	0	14,2580645
"55"	"H_15_092"	"Högsjön"	23	35	2	0	2	0	15	13,6129032
"56"	"H_15_095"	"Högsjön"	22	40	1	1	3	0	8	12,8064516
"57"	"H_15_096"	"Högsjön"	19	35	2	0	4	2	22	12,7258065
"58"	"H_15_097"	"Högsjön"	24	35	2	0	6	10	1	12,5806452
"59"	"H_15_098"	"Högsjön"	19	25	2	0	3	11	4	12,5322581
"60"	"H_15_099"	"Högsjön"	24	50	2	0	2	0	4	13,2903226
"61"	"H_15_100"	"Högsjön"	26	50	2	0	3	0	3	12,9354839
"62"	"H_15_101"	"Högsjön"	35	45	1	0	5	1	6	13,0322581
"63"	"H_15_102"	"Högsjön"	24	30	2	0	4	9	3	13,0645161
"64"	"H_15_103"	"Högsjön"	20	35	1	0	3	4	0	12,9032258
"65"	"H_15_104"	"Högsjön"	23	30	2	0	5	4	1	12,7096774
"66"	"H_15_105"	"Högsjön"	18	30	2	0	2	12	1	12,6935484
"67"	"H_15_106"	"Högsjön"	27	40	1	1	3	2	1	12,9354839
"68"	"H_15_107"	"Högsjön"	32	40	2	0	5	14	1	12,8064516
"69"	"H_15_108"	"Högsjön"	28	40	1	0	3	6	2	12,8709677
"70"	"H_15_109"	"Högsjön"	31	40	2	0	3	6	1	12,7741935
"71"	"H_15_110"	"Högsjön"	32	40	2	0	4	14	1	12,6935484
"72"	"H_15_111"	"Högsjön"	27	50	1	0	2	0	2	12,5967742
"73"	"H_15_113"	"Högsjön"	26,5	50	2	1	3	0	12	13,1935484
"74"	"H_15_117"	"Högsjön"	30	50	2	0	4	29	20	12,5967742
"75"	"H_15_118"	"Högsjön"	17	40	2	0	2	14	20	12,3548387
"76"	"H_15_119"	"Högsjön"	12,5	25	1	0	2	4	11	13,6451613
"77"	"H_15_120"	"Högsjön"	21	25	1	0	3	6	7	12,7903226
"78"	"H_15_121"	"Högsjön"	20	25	2	0	3	14	7	13,016129
"79"	"H_15_122"	"Högsjön"	14	37,5	1	0	1	0	1	13,1774194
"80"	"H_15_123"	"Högsjön"	15	37,5	2	1	1	0	1	13,2096774
"81"	"H_15_124"	"Högsjön"	21	27,5	1	1	2	6	8	13,2096774
"82"	"H_15_125"	"Högsjön"	18	50	1	0	1	0	0	13,2903226
"83"	"H_15_126"	"Högsjön"	21	25	1	0	4	4	3	11,6935484
"84"	"H_15_128"	"Högsjön"	25	30	2	0	3	13	4	13,483871
"85"	"H_15_129"	"Högsjön"	26	30	2	0	4	13	2	12,4032258
"86"	"H_15_132"	"Högsjön"	22	25	1	1	2	4	5	12,983871
"87"	"H_15_133"	"Högsjön"	21	40	1	0	3	11	40	14,1612903
"88"	"H_15_134"	"Högsjön"	18	17,5	2	0	2	1	1	12,9193548
"89"	"H_15_135"	"Högsjön"	23	30	2	0	2	2	15	13,0322581
"90"	"H_15_137"	"Högsjön"	24	40	2	0	1	5	21	13,9032258
"91"	"H_15_138"	"Högsjön"	19	30	2	0	1	0	2	13,5483871
"92"	"H_15_139"	"Högsjön"	21,5	45	2	0	4	0	16	12,8870968
"93"	"H_15_140"	"Högsjön"	23	40	1	0	3	2	7	13,3225806
"94"	"H_15_141"	"Högsjön"	24	40	1	0	4	0	4	13,5322581
"95"	"H_15_142"	"Högsjön"	34	45	1	0	3	2	2	13,1290323
"96"	"H_15_143"	"Högsjön"	15,5	35	2	0	1	9	6	13,3064516
"97"	"H_15_144"	"Högsjön"	17	25	2	0	2	0	15	13,1935484
"98"	"H_15_145"	"Högsjön"	19	60	1	1	1	0	1	13,3064516
"99"	"H_15_147"	"Högsjön"	13,5	40	2	0	1	0	4	15,2741935
"100"	"H_15_148"	"Högsjön"	18	40	2	1	2	0	10	15,5806452
"101"	"H_15_149"	"Högsjön"	27	70	2	0	2	0	40	14,0483871
"102"	"H_15_152"	"Högsjön"	21	27,5	2	1	1	0	1	15,1290323
"103"	"H_15_154"	"Högsjön"	19	40	1	1	4	0	11	13,1290323
"104"	"H_15_155"	"Högsjön"	12,5	20	1	0	1	0	0	14,8709677
"105"	"R_15_001"	"Remmene"	18	31	1	0	2	0	1	11,9
"106"	"R_15_002"	"Remmene"	28	110	1	1	1	0	3	12,4166667
"107"	"R_15_003"	"Remmene"	30	110	1	1	1	0	1	12,1666667
"108"	"R_15_004"	"Remmene"	37	37,5	1	0	2	0	1	11,6
"109"	"R_15_005"	"Remmene"	24	27,5	2	0	2	7	3	11,6
"110"	"R_15_006"	"Remmene"	25	30	3	0	2	8	4	12,3
"111"	"R_15_007"	"Remmene"	20	15	1	0	1	0	3	12,0666667
"112"	"R_15_008"	"Remmene"	21	20	1	0	1	1	0	12,0333333
"113"	"R_15_009"	"Remmene"	21	20	2	1	1	4	0	12,4833333
"114"	"R_15_010"	"Remmene"	23	20	3	0	5	9	0	12,05
"115"	"R_15_011"	"Remmene"	25	30	1	0	1	0	3	11,95
"116"	"R_15_012"	"Remmene"	25	30	1	0	1	0	2	11,9166667
"117"	"R_15_013"	"Remmene"	28	30	1	0	2	1	1	11,4666667
"118"	"R_15_014"	"Remmene"	22	21	2	0	2	4	0	11,35
"119"	"R_15_015"	"Remmene"	21	31	1	1	1	1	3	11,9333333
"120"	"R_15_016"	"Remmene"	24	22,5	1	1	1	0	0	12,1
"121"	"R_15_017"	"Remmene"	30	23,5	2	2	5	3	0	12,55
"122"	"R_15_018"	"Remmene"	27	30	2	0	3	1	1	12,15
"123"	"R_15_019"	"Remmene"	32	12	3	0	9	11	1	12,1166667
"124"	"R_15_020"	"Remmene"	34	50	4	0	8	33	0	12,0333333
"125"	"R_15_021"	"Remmene"	24	35	1	0	1	0	4	11,5666667
"126"	"R_15_022"	"Remmene"	28	26	2	0	5	4	1	12,25
"127"	"R_15_023"	"Remmene"	34	32	2	0	5	13	15	12,1166667
"128"	"R_15_024"	"Remmene"	27	25	3	0	10	29	18	12,55
"129"	"R_15_025"	"Remmene"	16	15	1	0	1	0	2	12,1
"130"	"R_15_026"	"Remmene"	17	15	1	0	2	0	0	12,3166667
"131"	"R_15_027"	"Remmene"	18	25	1	0	1	0	0	12,45
"132"	"R_15_028"	"Remmene"	14	16	1	0	1	0	0	12,2833333
"133"	"R_15_029"	"Remmene"	13	20	2	0	1	0	0	12,6
"134"	"R_15_030"	"Remmene"	18	21	2	0	3	6	0	13
"135"	"R_15_031"	"Remmene"	24	35	1	0	2	2	1	12,2
"136"	"R_15_032"	"Remmene"	21	30	1	0	1	4	0	11,4333333
"137"	"R_15_033"	"Remmene"	18	26	3	0	2	6	0	11,45
"138"	"R_15_034"	"Remmene"	21	26	2	0	4	14	0	11,9666667
"139"	"R_15_035"	"Remmene"	21	32	1	0	3	2	7	11,8448276
"140"	"R_15_036"	"Remmene"	20	18	3	0	2	4	0	12,5862069
"141"	"R_15_037"	"Remmene"	10	20	1	0	1	0	6	11,7413793
"142"	"R_15_038"	"Remmene"	13	15	1	0	1	1	0	12,1896552
"143"	"R_15_039"	"Remmene"	18	15	3	0	2	6	0	12,1724138
"144"	"R_15_040"	"Remmene"	12	20	1	0	1	0	0	13,2413793
"145"	"R_15_041"	"Remmene"	10	10,5	2	0	3	8	0	12,637931
"146"	"R_15_042"	"Remmene"	9	10	1	0	1	1	0	12,8448276
"147"	"R_15_043"	"Remmene"	13	15	1	0	3	9	1	11,9310345
"148"	"R_15_044"	"Remmene"	10	15	1	0	1	6	0	11,5689655
"149"	"R_15_045"	"Remmene"	10	10	1	0	1	0	0	13,0862069
"150"	"R_15_046"	"Remmene"	11	12	1	0	1	3	1	11,6896552
"151"	"R_15_047"	"Remmene"	10	10	1	1	3	5	0	11,9482759
"152"	"R_15_048"	"Remmene"	8	10	1	0	1	4	1	12,1206897
"153"	"R_15_049"	"Remmene"	25	26	1	0	3	0	2	12,9655172
"154"	"R_15_050"	"Remmene"	19	14	1	0	2	11	2	12,6206897
"155"	"R_15_051"	"Remmene"	18	40	1	2	4	0	2	12,3448276
"156"	"R_15_052"	"Remmene"	16	27,5	1	0	1	0	0	12,0172414
"157"	"R_15_053"	"Remmene"	20	40	1	0	3	0	2	13,0862069
"158"	"R_15_054"	"Remmene"	22	47,5	2	0	3	13	2	11,4655172
"159"	"R_15_055"	"Remmene"	21	25	2	0	2	1	0	8,94827586
"160"	"R_15_056"	"Remmene"	14	35	2	0	2	3	3	11,137931
"161"	"R_15_057"	"Remmene"	16	35	2	0	2	4	0	12,7586207
"162"	"R_15_058"	"Remmene"	16	25	2	0	1	0	1	12,6034483
"163"	"R_15_059"	"Remmene"	13	25	2	0	1	0	0	12,7758621
"164"	"R_15_060"	"Remmene"	21	30	3	0	3	6	3	12,4310345
"165"	"R_15_061"	"Remmene"	30	40	3	1	4	7	1	11,6896552
"166"	"R_15_062"	"Remmene"	37,5	40	2	1	5	9	3	10,3448276
"167"	"R_15_064"	"Remmene"	29	27,5	4	0	5	7	4	11,5862069
"168"	"R_15_065"	"Remmene"	23	40	2	0	1	0	10	11,5862069
"169"	"R_15_066"	"Remmene"	39	40	2	0	5	0	3	12,4827586
"170"	"R_15_067"	"Remmene"	24	35	4	0	3	2	1	11,9310345
"171"	"R_15_068"	"Remmene"	26	30	1	0	3	1	0	10,1034483
"172"	"R_15_069"	"Remmene"	20	25	1	0	1	0	1	14,4827586
"173"	"R_15_070"	"Remmene"	15	20	2	0	1	7	0	10,1206897
"174"	"R_15_071"	"Remmene"	18	47,5	1	0	1	3	4	9,70689655
"175"	"R_15_072"	"Remmene"	21	35	2	0	2	1	12	11,0517241
"176"	"R_15_073"	"Remmene"	19	35	2	0	1	0	3	10,5172414
"177"	"R_15_074"	"Remmene"	20	30	3	0	3	3	10	11,5344828
"178"	"R_15_075"	"Remmene"	21	27,5	2	0	2	13	3	12,4310345
"179"	"R_15_076"	"Remmene"	20	30	4	0	5	4	1	12,3275862
"180"	"R_15_077"	"Remmene"	30	35	4	0	5	22	0	12,5862069
"181"	"R_15_078"	"Remmene"	26	52,5	2	0	3	4	0	11,7931034
"182"	"R_15_079"	"Remmene"	25	52,5	1	0	3	6	11	12,6206897
"183"	"R_15_080"	"Remmene"	17	40	1	0	5	0	0	11,6551724
"184"	"R_15_081"	"Remmene"	16	35	4	1	4	0	0	12,5344828
"185"	"R_15_082"	"Remmene"	22	40	4	0	4	11	0	12,137931
"186"	"R_15_083"	"Remmene"	22	40	3	1	5	5	0	12,2586207
"187"	"R_15_086"	"Remmene"	26	35	5	1	7	2	0	12,6896552
"188"	"R_15_088"	"Remmene"	30	40	3	0	5	5	1	12,1551724
"189"	"R_15_089"	"Remmene"	24	30	1	0	2	0	2	12,1206897
"190"	"R_15_090"	"Remmene"	16	37,5	1	0	2	0	1	13,0172414
"191"	"R_15_091"	"Remmene"	18	37,5	2	0	4	0	1	11,7413793
"192"	"R_15_092"	"Remmene"	21	37,5	2	0	4	0	1	12,5344828
"193"	"R_15_093"	"Remmene"	33	50	4	1	10	30	0	11,5344828
"194"	"R_15_094"	"Remmene"	25	40	2	0	5	0	0	12,4482759
"195"	"R_15_095"	"Remmene"	33	40	3	0	6	2	0	11,2758621
"196"	"R_15_096"	"Remmene"	36	45	2	1	6	1	0	11,137931
"197"	"R_15_097"	"Remmene"	18,5	30	1	0	2	0	4	10,6896552
"198"	"R_15_098"	"Remmene"	16	45	5	0	3	0	0	12,5172414
"199"	"R_15_099"	"Remmene"	35	45	3	1	5	2	1	12,2413793
"200"	"R_15_100"	"Remmene"	26	45	2	0	3	0	0	12,1724138
"201"	"T_15_001"	"Tånga Hed"	8,7	22,5	5	4	9	0	0	14,8421053
"202"	"T_15_002"	"Tånga Hed"	23,7	30	5	8	16	4	0	14,9210526
"203"	"T_15_003"	"Tånga Hed"	26,7	17,5	3	5	6	0	0	13,5526316
"204"	"T_15_004"	"Tånga Hed"	25,5	25	4	7	8	0	0	13,8157895
"205"	"T_15_005"	"Tånga Hed"	29,5	35	3	7	9	0	1	14,2631579
"206"	"T_15_006"	"Tånga Hed"	23,3	27,5	4	5	9	2	6	13,8684211
"207"	"T_15_007"	"Tånga Hed"	22,7	27,5	3	7	8	1	7	13,8684211
"208"	"T_15_008"	"Tånga Hed"	14	35	4	4	4	0	0	14,2631579
"209"	"T_15_009"	"Tånga Hed"	20	22,5	2	0	3	0	35	13,5
"210"	"T_15_010"	"Tånga Hed"	24,5	22,5	4	6	8	3	30	13,5
"211"	"T_15_011"	"Tånga Hed"	22,2	15	3	3	5	5	0	13,9210526
"212"	"T_15_012"	"Tånga Hed"	23	40	5	1	8	4	20	14,1578947
"213"	"T_15_013"	"Tånga Hed"	19,5	10	4	1	6	14	1	13,7631579
"214"	"T_15_014"	"Tånga Hed"	21	27,5	5	4	4	0	5	14,7368421
"215"	"T_15_015"	"Tånga Hed"	15	10	3	0	4	2	20	13,9473684
"216"	"T_15_016"	"Tånga Hed"	21	15	2	0	7	5	12	10,4473684
"217"	"T_15_017"	"Tånga Hed"	29	40	3	2	7	12	40	13,4736842
"218"	"T_15_018"	"Tånga Hed"	35	27,5	3	4	12	7	20	13,5526316
"219"	"T_15_019"	"Tånga Hed"	36	27,5	4	4	11	16	15	13,5526316
"220"	"T_15_020"	"Tånga Hed"	24,5	35	2	2	4	0	45	14,7631579
"221"	"T_15_021"	"Tånga Hed"	23	12,5	2	1	7	13	15	13,6052632
"222"	"T_15_022"	"Tånga Hed"	26	35	4	3	9	25	45	13,6315789
"223"	"T_15_023"	"Tånga Hed"	18	10	3	3	4	0	0	13,6052632
"224"	"T_15_024"	"Tånga Hed"	35	30	3	5	10	9	7	13,2631579
"225"	"T_15_025"	"Tånga Hed"	26,5	27,5	4	4	6	2	0	13,3157895
"226"	"T_15_026"	"Tånga Hed"	17,5	17,5	4	3	6	8	11	13,5789474
"227"	"T_15_027"	"Tånga Hed"	22,5	10	3	3	5	1	16	13,7105263
"228"	"T_15_028"	"Tånga Hed"	26,5	15	4	4	5	4	4	13,6842105
"229"	"T_15_029"	"Tånga Hed"	31	12,5	4	5	5	0	8	13,6052632
"230"	"T_15_030"	"Tånga Hed"	23	17,5	3	3	5	4	15	13,6052632
"231"	"T_15_031"	"Tånga Hed"	17	10	2	2	3	0	0	13,7631579
"232"	"T_15_032"	"Tånga Hed"	25,5	15	4	4	8	2	0	13,7631579
"233"	"T_15_033"	"Tånga Hed"	26,6	10	3	5	12	18	6	14,2368421
"234"	"T_15_034"	"Tånga Hed"	22	15	2	1	6	0	1	13,6315789
"235"	"T_15_035"	"Tånga Hed"	25,5	15	3	4	11	5	2	13,6315789
"236"	"T_15_036"	"Tånga Hed"	23,7	12,5	4	3	5	6	5	13,9736842
"237"	"T_15_037"	"Tånga Hed"	24	12,5	4	3	5	6	1	13,4736842
"238"	"T_15_038"	"Tånga Hed"	17	12,5	3	3	4	0	0	13,4736842
"239"	"T_15_039"	"Tånga Hed"	24,5	10	3	6	8	0	2	13,8421053
"240"	"T_15_040"	"Tånga Hed"	20,5	15	5	4	7	6	1	13,9736842
"241"	"T_15_041"	"Tånga Hed"	25	15	4	4	5	5	0	13,6842105
"242"	"T_15_042"	"Tånga Hed"	28,5	17,5	4	5	7	8	2	13,6315789
"243"	"T_15_043"	"Tånga Hed"	22	12,5	3	4	5	1	11	12,8947368
"244"	"T_15_044"	"Tånga Hed"	26	15	4	6	6	0	15	12,8947368
"245"	"T_15_045"	"Tånga Hed"	17,5	15	3	0	4	6	18	13,9736842
"246"	"T_15_046"	"Tånga Hed"	21,5	12,5	3	2	4	2	12	13,5625
"247"	"T_15_047"	"Tånga Hed"	12	12,5	1	1	1	0	7	13,5625
"248"	"T_15_048"	"Tånga Hed"	16,5	12,5	3	1	2	0	11	13,9736842
"249"	"T_15_049"	"Tånga Hed"	27,5	27,5	4	4	6	3	6	13,6842105
"250"	"T_15_050"	"Tånga Hed"	30,3	15	3	5	7	2	3	13,8421053
"251"	"T_15_051"	"Tånga Hed"	33	17,5	3	3	9	8	11	14
"252"	"T_15_052"	"Tånga Hed"	20	15	4	6	9	4	10	13,6578947
"253"	"T_15_053"	"Tånga Hed"	19	12,5	3	2	5	0	10	13,5789474
"254"	"T_15_054"	"Tånga Hed"	19,7	15	4	1	3	5	5	13,9210526
"255"	"T_15_055"	"Tånga Hed"	16,5	20	2	1	2	0	20	13,2631579
"256"	"T_15_056"	"Tånga Hed"	38	30	4	15	17	0	20	13,2105263
"257"	"T_15_057"	"Tånga Hed"	18,5	15	4	4	6	4	1	13,0526316
"258"	"T_15_058"	"Tånga Hed"	14	5	2	1	5	2	13	13,5526316
"259"	"T_15_059"	"Tånga Hed"	18	15	3	3	4	0	35	14,5263158
"260"	"T_15_060"	"Tånga Hed"	24	22	3	3	5	4	20	13,7631579
"261"	"T_15_061"	"Tånga Hed"	23	10	3	3	4	3	9	14,1842105
"262"	"T_15_062"	"Tånga Hed"	18	15	3	3	3	0	6	14,1842105
"263"	"T_15_063"	"Tånga Hed"	31	20	4	4	7	4	25	13,7631579
"264"	"T_15_064"	"Tånga Hed"	19,2	15	2	1	3	3	1	14,0789474
"265"	"T_15_065"	"Tånga Hed"	29,5	27,5	4	1	11	26	22	13,4210526
"266"	"T_15_066"	"Tånga Hed"	25	22,5	3	5	8	5	4	12,8157895
"267"	"T_15_067"	"Tånga Hed"	18	10	2	1	2	0	15	13,4736842
"268"	"T_15_068"	"Tånga Hed"	13	6	4	0	2	4	6	13,2894737
"269"	"T_15_069"	"Tånga Hed"	22,3	10	3	0	5	14	10	14
"270"	"T_15_070"	"Tånga Hed"	28	17	3	0	4	6	8	12,7631579
"271"	"T_15_071"	"Tånga Hed"	21	12	2	1	5	0	0	12,7631579
"272"	"T_15_072"	"Tånga Hed"	21	27,5	5	2	5	8	60	13,6052632
"273"	"T_15_073"	"Tånga Hed"	25	12,5	2	0	3	6	1	13,5
"274"	"T_15_074"	"Tånga Hed"	28	22	4	1	7	17	40	13,5789474
"275"	"T_15_075"	"Tånga Hed"	21	12	3	3	4	0	30	13,5526316
"276"	"T_15_076"	"Tånga Hed"	31	15	4	6	14	16	0	13,9473684
"277"	"T_15_077"	"Tånga Hed"	35	23	5	2	14	34	0	13,2105263
"278"	"T_15_078"	"Tånga Hed"	21	15	2	3	3	3	30	13,5526316
"279"	"T_15_079"	"Tånga Hed"	32	30	5	3	9	14	0	13,6052632
"280"	"T_15_080"	"Tånga Hed"	36	20	5	1	13	37	0	13,7631579
"281"	"T_15_081"	"Tånga Hed"	29	15	5	1	7	19	0	13,7631579
"282"	"T_15_082"	"Tånga Hed"	24	42,5	5	0	5	12	0	13,6315789
"283"	"T_15_083"	"Tånga Hed"	34	47,5	5	1	11	24	0	13,2105263
"284"	"T_15_084"	"Tånga Hed"	26	38,5	3	0	5	6	0	13,7631579
"285"	"T_15_085"	"Tånga Hed"	24	41	3	4	6	11	2	13,7631579
"286"	"T_15_086"	"Tånga Hed"	33	20	3	4	9	9	20	13,3157895
"287"	"T_15_087"	"Tånga Hed"	21	17,5	2	1	3	0	40	14,4210526
"288"	"T_15_088"	"Tånga Hed"	34	45	2	0	5	12	20	12,7368421
"289"	"T_15_089"	"Tånga Hed"	19	20	5	0	4	12	0	13,5263158
"290"	"T_15_090"	"Tånga Hed"	27	30	5	8	10	6	0	13,5526316
"291"	"T_15_091"	"Tånga Hed"	16	17,5	2	0	2	3	0	13,5263158
"292"	"T_15_092"	"Tånga Hed"	17	38,5	2	1	1	0	1	13,7631579
"293"	"T_15_093"	"Tånga Hed"	37	32,5	3	5	8	4	12	13,5526316
"294"	"T_15_094"	"Tånga Hed"	32	36	5	2	8	5	1	13,5789474
"295"	"T_15_095"	"Tånga Hed"	27	20	5	2	7	14	0	13,2631579
"296"	"T_15_096"	"Tånga Hed"	33	10	3	7	9	4	12	13,8947368
"297"	"T_15_097"	"Tånga Hed"	32	27	5	4	12	11	9	13,9736842
"298"	"T_15_098"	"Tånga Hed"	19	22	4	2	3	0	0	13,3947368
"299"	"T_15_099"	"Tånga Hed"	29	20	4	4	9	5	0	13,3947368
"300"	"T_15_100"	"Tånga Hed"	32	26	4	4	13	8	9	13,5526316
"301"	"T_15_101"	"Tånga Hed"	36	20	5	5	18	37	0	13,8157895
"302"	"T_15_102"	"Tånga Hed"	24	32,5	5	5	7	5	0	13,0263158
"303"	"T_15_103"	"Tånga Hed"	40	22	4	1	7	22	15	13,5263158
