"id_pl"	"population"	"shoot_h"	"veg_h_mean"	"n_intact_fruits"	"n_eggs_max"	"n_redants"	"pop"	"meanT"	"maxT"	"minT"	"sdT"	"rangeT"	"a1"	"b1"	"c1"	"d1"	"e1"	"f1"	"n_fl1"	"phen_index1"	"most_adv1"	"a2"	"b2"	"c2"	"d2"	"e2"	"f2"	"n_fl2"	"phen_index2"	"most_adv2"	"n_fl"	"julian1"	"julian2"
"1"	"H_15_002"	"Högsjön"	27	20	0	3	0	"H"	17.8063829787234	21.2978723404255	15.0957446808511	2.47209034644602	6.20212765957447	2	1	0	0	0	0	3	1.333333333	2	0	0	0	0	2	1	3	5.333333333	6	3	211	241
"2"	"H_15_006"	"Högsjön"	15	25	0	0	0	"H"	19.436170212766	22.5957446808511	16.7446808510638	2.3716030044015	5.85106382978723	0	1	0	0	0	0	1	2	2	0	1	0	0	0	0	1	2	2	1	211	241
"3"	"H_15_007"	"Högsjön"	31	60	1	0	0	"H"	16.8872340425532	18.1170212765957	15.2872340425532	1.17054252991021	2.82978723404255	3	0	0	0	0	0	3	1	1	1	0	1	1	0	0	3	2.666666667	4	3	211	241
"4"	"H_15_008"	"Högsjön"	12.7	17.5	0	6	0	"H"	19.663829787234	22.0531914893617	17.5106382978723	2.00140105279221	4.54255319148936	0	1	0	0	0	0	1	2	2	0	0	0	0	0	1	1	6	6	1	211	241
"5"	"H_15_009"	"Högsjön"	9	17.5	0	2	0	"H"	19.0276595744681	21.1489361702128	17.1063829787234	1.7634729460507	4.04255319148936	1	0	0	0	0	0	1	1	1	0	1	0	0	0	0	1	2	2	1	211	241
"6"	"H_15_010"	"Högsjön"	20	17.5	1	2	0	"H"	18.263829787234	19.2340425531915	16.9042553191489	0.955878403796163	2.32978723404255	0	1	0	0	0	0	1	2	2	0	0	0	0	0	1	1	6	6	1	211	241
"7"	"H_15_012"	"Högsjön"	25	40	0	0	0	"H"	17.6148936170213	19.936170212766	15.6489361702128	1.79370974713532	4.28723404255319	1	0	0	0	0	0	1	1	1	0	0	0	0	1	0	1	5	5	1	211	241
"8"	"H_15_013"	"Högsjön"	40	60	0	0	16	"H"	17.0553191489362	18.5106382978723	15.7872340425532	1.18841616175431	2.72340425531915	0	2	0	0	0	0	2	2	2	0	0	0	0	1	1	2	5.5	6	2	211	241
"9"	"H_15_014"	"Högsjön"	46	45	1	17	0	"H"	17.1957446808511	18.436170212766	15.9148936170213	1.01390489496372	2.52127659574468	0	7	1	0	0	0	8	2.125	3	0	0	0	0	2	6	8	5.75	6	8	211	241
"10"	"H_15_015"	"Högsjön"	30	27.5	1	0	15	"H"	17.1404255319149	18.9893617021277	15.5851063829787	1.37545162043335	3.40425531914894	1	1	0	0	0	0	2	1.5	2	1	0	0	0	0	1	2	3.5	6	2	211	241
"11"	"H_15_016"	"Högsjön"	22	27.5	1	0	1	"H"	17.7212765957447	19.2446808510638	16.1702127659574	1.29005994475856	3.07446808510638	2	1	0	0	0	0	3	1.333333333	2	1	0	0	0	1	1	3	4	6	3	211	241
"12"	"H_15_017"	"Högsjön"	33	27.5	0	7	1	"H"	18.0829787234043	19.7446808510638	16.5744680851064	1.38978380087633	3.17021276595745	3	5	0	0	0	0	8	1.625	2	0	0	0	0	4	1	5	5.2	6	8	211	241
"13"	"H_15_018"	"Högsjön"	18	27.5	0	1	4	"H"	17.8468085106383	19.7446808510638	16.2446808510638	1.50567541368856	3.5	2	1	0	0	0	0	3	1.333333333	2	2	0	0	0	1	0	3	2.333333333	5	5	211	241
"14"	"H_15_020"	"Högsjön"	12	25	1	0	0	"H"	19.331914893617	22.0106382978723	16.2978723404255	2.30568430598309	5.71276595744681	0	1	0	0	0	0	1	2	2	0	0	0	0	0	1	1	6	6	1	211	241
"15"	"H_15_022"	"Högsjön"	22	30	0	0	2	"H"	17.2404255319149	18.5531914893617	15.968085106383	1.10274538691443	2.58510638297872	1	1	0	0	0	0	2	1.5	2	0	0	0	0	1	1	2	5.5	6	2	211	241
"16"	"H_15_023"	"Högsjön"	26.5	40	0	0	3	"H"	16.9510638297872	18.0531914893617	15.8617021276596	0.933277581247992	2.19148936170213	3	0	0	0	0	0	3	1	1	2	0	0	0	1	0	3	2.333333333	5	3	211	241
"17"	"H_15_025"	"Högsjön"	14.5	25	0	0	0	"H"	18.2127659574468	20.1382978723404	16.6595744680851	1.51789318160215	3.47872340425532	0	1	0	0	0	0	1	2	2	0	0	0	0	1	0	1	5	5	1	211	241
"18"	"H_15_026"	"Högsjön"	27	50	0	0	5	"H"	16.9297872340426	18.1170212765957	15.7127659574468	0.928525610728931	2.40425531914894	1	1	0	0	0	0	2	1.5	2	0	0	1	0	1	0	2	4	5	2	211	241
"19"	"H_15_030"	"Högsjön"	23	40	1	0	15	"H"	17.5404255319149	18.9255319148936	16.1382978723404	1.19813499831354	2.78723404255319	1	1	0	0	0	0	2	1.5	2	1	0	0	0	0	1	2	3.5	6	2	211	241
"20"	"H_15_032"	"Högsjön"	24	35	1	1	11	"H"	17.7255319148936	19.2446808510638	16.1702127659574	1.32234789753725	3.07446808510638	1	1	0	0	0	0	2	1.5	2	0	0	0	1	0	1	2	5	6	2	211	241
"21"	"H_15_033"	"Högsjön"	19	35	0	0	18	"H"	17.4893617021277	18.8510638297872	16	1.21112148049639	2.85106382978723	1	1	0	0	0	0	2	1.5	2	1	0	0	0	1	0	2	3	5	2	211	241
"22"	"H_15_035"	"Högsjön"	22	22.5	1	1	8	"H"	17.2723404255319	18.4042553191489	16.0744680851064	0.98417124396165	2.32978723404255	1	1	0	0	0	0	2	1.5	2	0	0	0	0	1	1	2	5.5	6	2	211	241
"23"	"H_15_037"	"Högsjön"	16.5	20	1	0	0	"H"	17.4297872340426	18.5531914893617	15.9787234042553	1.00958801400795	2.57446808510638	2	0	0	0	0	0	2	1	1	0	0	1	0	0	1	2	4.5	6	2	211	241
"24"	"H_15_038"	"Högsjön"	19	50	1	0	6	"H"	17.0765957446809	18.6170212765957	15.7872340425532	1.19474206195208	2.82978723404255	0	1	0	0	0	0	1	2	2	0	0	0	0	0	1	1	6	6	1	211	241
"25"	"H_15_039"	"Högsjön"	15	15	2	0	0	"H"	19.5255319148936	21.6595744680851	16.6489361702128	1.94557363505364	5.01063829787234	2	1	0	0	0	0	3	1.333333333	2	0	0	1	0	1	0	2	4	5	3	211	241
"26"	"H_15_041"	"Högsjön"	18	10	2	0	0	"H"	19.6765957446809	22.4893617021277	17.063829787234	2.39730136980975	5.42553191489362	2	1	0	0	0	0	3	1.333333333	2	2	0	0	0	0	1	3	2.666666667	6	3	211	241
"27"	"H_15_043"	"Högsjön"	21.5	45	1	0	2	"H"	17.4063829787234	18.6170212765957	16.2127659574468	1.0362708088926	2.40425531914894	3	0	0	0	0	0	3	1	1	0	0	2	1	0	0	3	3.333333333	4	3	211	241
"28"	"H_15_046"	"Högsjön"	12	20	1	0	0	"H"	18.4382978723404	20.6170212765957	16.4042553191489	1.79859558618642	4.21276595744681	1	0	0	0	0	0	1	1	1	0	0	0	0	1	0	1	5	5	1	211	241
"29"	"H_15_047"	"Högsjön"	10	15	0	0	1	"H"	17.836170212766	19.2978723404255	16.1170212765957	1.37678049922411	3.18085106382979	1	0	0	0	0	0	1	1	1	0	1	0	0	0	0	1	2	2	1	211	241
"30"	"H_15_048"	"Högsjön"	23	35	0	0	0	"H"	17.863829787234	20.1063829787234	16	1.77567185539043	4.1063829787234	0	1	0	0	0	0	1	2	2	0	0	0	0	0	1	1	6	6	1	211	241
"31"	"H_15_049"	"Högsjön"	25.5	40	1	0	2	"H"	17.6851063829787	19.6808510638298	15.9893617021277	1.56675347837463	3.69148936170213	2	1	0	0	0	0	3	1.333333333	2	0	0	0	1	1	0	2	4.5	5	3	211	241
"32"	"H_15_053"	"Högsjön"	24	60	0	0	4	"H"	17.563829787234	18.9468085106383	16.063829787234	1.1851789326042	2.88297872340426	0	1	0	0	0	0	1	2	2	0	0	0	0	0	1	1	6	6	1	211	241
"33"	"H_15_056"	"Högsjön"	13	12.5	1	0	0	"H"	17.7042553191489	19.7234042553191	16.0212765957447	1.51870421190562	3.70212765957447	1	1	0	0	0	0	2	1.5	2	0	0	0	0	1	0	1	5	5	2	211	241
"34"	"H_15_057"	"Högsjön"	12.5	25	0	1	0	"H"	18.3872340425532	22.7553191489362	15.4255319148936	3.03324188996111	7.32978723404255	1	1	0	0	0	0	2	1.5	2	0	0	0	0	1	0	1	5	5	2	211	241
"35"	"H_15_058"	"Högsjön"	14	25	0	0	0	"H"	17.7510638297872	19.9148936170213	15.7765957446809	1.71688638851155	4.13829787234043	1	1	0	0	0	0	2	1.5	2	1	1	0	0	0	0	2	1.5	2	2	211	241
"36"	"H_15_059"	"Högsjön"	15	40	0	2	0	"H"	17.4914893617021	18.8829787234043	15.968085106383	1.27501443442197	2.91489361702128	1	0	0	0	0	0	1	1	1	0	0	1	0	0	0	1	3	3	1	211	241
"37"	"H_15_060"	"Högsjön"	19	40	1	0	0	"H"	17.5872340425532	19.9787234042553	15.5957446808511	1.73101540867429	4.38297872340426	0	1	0	0	0	0	1	2	2	0	0	0	0	1	0	1	5	5	1	211	241
"38"	"H_15_065"	"Högsjön"	13	40	0	0	0	"H"	17.7553191489362	20.1276595744681	15.8085106382979	1.78485089564653	4.31914893617021	2	0	0	0	0	0	2	1	1	1	0	0	1	0	0	2	2.5	4	2	211	241
"39"	"H_15_067"	"Högsjön"	22.5	27.5	1	3	0	"H"	16.036170212766	18.1489361702128	13.2659574468085	1.93485430557191	4.88297872340426	1	2	0	0	0	0	3	1.666666667	2	0	0	0	1	0	1	2	5	6	3	211	241
"40"	"H_15_068"	"Högsjön"	20	40	0	0	0	"H"	16.4148936170213	17.436170212766	15.2765957446809	0.919111701067359	2.15957446808511	2	1	0	0	0	0	3	1.333333333	2	1	0	0	0	1	0	2	3	5	3	211	241
"41"	"H_15_069"	"Högsjön"	22	25	0	9	0	"H"	17.2148936170213	19	15.4468085106383	1.54613154206837	3.5531914893617	2	1	0	0	0	0	3	1.333333333	2	0	0	2	0	0	1	3	4	6	3	211	241
"42"	"H_15_070"	"Högsjön"	25	40	0	6	0	"H"	16.1531914893617	17.0212765957447	15.1489361702128	0.782960933495567	1.87234042553191	1	1	0	0	0	0	2	1.5	2	1	0	0	0	0	1	2	3.5	6	2	211	241
"43"	"H_15_071"	"Högsjön"	21	40	0	0	0	"H"	16.7893617021277	18.4468085106383	15.3723404255319	1.24444055139802	3.07446808510638	1	1	0	0	0	0	2	1.5	2	0	0	0	1	1	0	2	4.5	5	2	211	241
"44"	"H_15_073"	"Högsjön"	28	45	1	3	0	"H"	16.3212765957447	17.3936170212766	15.1595744680851	0.909538101667455	2.23404255319149	0	1	0	0	0	0	1	2	2	0	0	0	0	0	1	1	6	6	1	211	241
"45"	"H_15_074"	"Högsjön"	23	60	1	0	0	"H"	15.7489361702128	16.8085106382979	14.531914893617	0.94014318332637	2.27659574468085	2	0	0	0	0	0	2	1	1	0	1	0	1	0	0	2	3	4	2	211	241
"46"	"H_15_075"	"Högsjön"	19.5	17.5	0	0	0	"H"	16.5106382978723	17.6063829787234	15.3085106382979	0.946868846632826	2.29787234042553	3	0	0	0	0	0	3	1	1	0	0	2	1	0	0	3	3.333333333	4	3	211	241
"47"	"H_15_076"	"Högsjön"	23.5	30	1	9	15	"H"	17.0255319148936	18.3085106382979	15.7340425531915	1.05977596806456	2.57446808510638	2	1	0	0	0	0	3	1.333333333	2	0	0	0	1	0	1	2	5	6	3	211	241
"48"	"H_15_078"	"Högsjön"	19	32.5	0	0	0	"H"	17.431914893617	20.0212765957447	15.6595744680851	1.81024547220056	4.36170212765957	0	1	0	0	0	0	1	2	2	0	0	1	0	0	0	1	3	3	1	211	241
"49"	"H_15_079"	"Högsjön"	25	32.5	0	0	0	"H"	17.4276595744681	18.7446808510638	16.0744680851064	1.11874736107993	2.67021276595745	0	1	0	0	0	0	1	2	2	0	0	0	0	0	1	1	6	6	1	211	241
"50"	"H_15_080"	"Högsjön"	25	47.5	0	0	0	"H"	16.5085106382979	17.1170212765957	15.7340425531915	0.590089710523467	1.38297872340426	2	1	0	0	0	0	3	1.333333333	2	2	0	0	0	1	0	3	2.333333333	5	3	211	241
"51"	"H_15_083"	"Högsjön"	14	40	0	0	0	"H"	16.4787234042553	17.3936170212766	15.2659574468085	0.923206697600611	2.12765957446809	0	1	0	0	0	0	1	2	2	0	0	0	0	1	0	1	5	5	1	211	241
"52"	"H_15_086"	"Högsjön"	20.5	37.5	0	2	3	"H"	15.1382978723404	15.7872340425532	14.3085106382979	0.638544197884827	1.47872340425532	1	1	0	0	0	0	2	1.5	2	0	0	1	0	1	0	2	4	5	2	211	241
"53"	"H_15_087"	"Högsjön"	31	32.5	1	0	0	"H"	16.3510638297872	17.4042553191489	15.2234042553191	0.865380689642019	2.18085106382979	2	1	0	0	0	0	3	1.333333333	2	0	0	0	1	1	0	2	4.5	5	3	211	241
"54"	"H_15_092"	"Högsjön"	23	35	0	0	15	"H"	15.6978723404255	16.531914893617	14.6702127659574	0.771039119408524	1.86170212765957	1	1	0	0	0	0	2	1.5	2	1	0	0	0	1	0	2	3	5	2	211	241
"55"	"H_15_095"	"Högsjön"	22	40	1	0	8	"H"	14.8659574468085	15.6170212765957	13.7765957446809	0.769748430540525	1.84042553191489	3	0	0	0	0	0	3	1	1	1	1	1	0	0	0	3	2	3	3	211	241
"56"	"H_15_096"	"Högsjön"	19	35	0	2	22	"H"	16.3787234042553	18.468085106383	14.6382978723404	1.54262267343448	3.82978723404255	3	1	0	0	0	0	4	1.25	2	0	0	2	0	0	1	3	4	6	4	211	241
"57"	"H_15_097"	"Högsjön"	24	35	0	10	1	"H"	16.0531914893617	17.6595744680851	14.5425531914894	1.26773560850721	3.11702127659574	5	1	0	0	0	0	6	1.166666667	2	1	0	2	0	0	0	3	2.333333333	3	6	211	241
"58"	"H_15_098"	"Högsjön"	19	25	0	11	4	"H"	15.4297872340426	16.436170212766	14.3617021276596	0.830678792378411	2.07446808510638	2	1	0	0	0	0	3	1.333333333	2	0	0	2	1	0	0	3	3.333333333	4	3	211	241
"59"	"H_15_099"	"Högsjön"	24	50	0	0	4	"H"	14.5531914893617	15.063829787234	13.7872340425532	0.519971824031932	1.27659574468085	1	1	0	0	0	0	2	1.5	2	0	0	1	0	1	0	2	4	5	2	211	241
"60"	"H_15_101"	"Högsjön"	35	45	0	1	6	"H"	14.7617021276596	15.531914893617	13.5744680851064	0.801952236645089	1.95744680851064	5	0	0	0	0	0	5	1	1	0	0	3	1	0	0	4	3.25	4	5	211	241
"61"	"H_15_102"	"Högsjön"	24	30	0	9	3	"H"	14.9829787234043	15.7872340425532	14.0744680851064	0.709498416856883	1.71276595744681	3	1	0	0	0	0	4	1.25	2	1	0	0	1	0	0	2	2.5	4	4	211	241
"62"	"H_15_103"	"Högsjön"	20	35	0	4	0	"H"	14.7425531914894	15.531914893617	13.9148936170213	0.668120096718758	1.61702127659574	3	0	0	0	0	0	3	1	1	0	1	0	0	0	0	1	2	2	3	211	241
"63"	"H_15_104"	"Högsjön"	23	30	0	4	1	"H"	15.3382978723404	16.2978723404255	14.3191489361702	0.812357653368267	1.97872340425532	4	1	0	0	0	0	5	1.2	2	0	0	1	2	0	1	4	4.25	6	5	211	241
"64"	"H_15_105"	"Högsjön"	18	30	0	12	1	"H"	15.2021276595745	16.6063829787234	14.0957446808511	1.00588057302905	2.51063829787234	1	1	0	0	0	0	2	1.5	2	0	0	0	0	1	1	2	5.5	6	2	211	241
"65"	"H_15_106"	"Högsjön"	27	40	1	2	1	"H"	15.1382978723404	16.1276595744681	14.2127659574468	0.786931758323885	1.91489361702128	3	0	0	0	0	0	3	1	1	0	0	0	1	1	0	2	4.5	5	3	211	241
"66"	"H_15_107"	"Högsjön"	32	40	0	14	1	"H"	14.9	15.7659574468085	14.0106382978723	0.711368300414105	1.75531914893617	4	1	0	0	0	0	5	1.2	2	2	0	1	1	0	1	5	3	6	5	211	241
"67"	"H_15_108"	"Högsjön"	28	40	0	6	2	"H"	15.4595744680851	16.6595744680851	14.3085106382979	0.946663792253331	2.35106382978723	3	0	0	0	0	0	3	1	1	1	0	1	0	0	1	3	3.333333333	6	3	211	241
"68"	"H_15_109"	"Högsjön"	31	40	0	6	1	"H"	15.4276595744681	16.7659574468085	14.3404255319149	0.962480471293382	2.42553191489362	2	1	0	0	0	0	3	1.333333333	2	0	1	1	1	0	0	3	3	4	3	211	241
"69"	"H_15_110"	"Högsjön"	32	40	0	14	1	"H"	14.8595744680851	16.0425531914894	13.8829787234043	0.87680347343007	2.15957446808511	3	1	0	0	0	0	4	1.25	2	0	0	1	2	0	1	4	4.25	6	4	211	241
"70"	"H_15_111"	"Högsjön"	27	50	0	0	2	"H"	14.0978723404255	14.5851063829787	13.3404255319149	0.527021457602354	1.24468085106383	2	0	0	0	0	0	2	1	1	0	0	0	1	0	0	1	4	4	2	211	241
"71"	"H_15_113"	"Högsjön"	26.5	50	1	0	12	"H"	15.6021276595745	16.7446808510638	14.5851063829787	0.884638693677234	2.15957446808511	2	1	0	0	0	0	3	1.333333333	2	0	0	2	0	1	0	3	3.666666667	5	3	211	241
"72"	"H_15_117"	"Högsjön"	30	50	0	29	20	"H"	14.7297872340426	15.6595744680851	13.7127659574468	0.787783676057529	1.9468085106383	1	3	0	0	0	0	4	1.75	2	0	0	0	0	0	3	3	6	6	4	211	241
"73"	"H_15_118"	"Högsjön"	17	40	0	14	20	"H"	15.7276595744681	17.3723404255319	14.2872340425532	1.25349382359467	3.08510638297872	1	1	0	0	0	0	2	1.5	2	0	1	0	0	0	1	2	4	6	2	211	241
"74"	"H_15_119"	"Högsjön"	12.5	25	0	4	11	"H"	15.136170212766	15.7553191489362	14.2127659574468	0.631018664951048	1.54255319148936	2	0	0	0	0	0	2	1	1	1	0	1	0	0	0	2	2	3	2	211	241
"75"	"H_15_120"	"Högsjön"	21	25	0	6	7	"H"	15.2340425531915	16.3723404255319	14.063829787234	0.952218025661838	2.30851063829787	3	0	0	0	0	0	3	1	1	0	0	2	0	0	1	3	4	6	3	211	241
"76"	"H_15_121"	"Högsjön"	20	25	0	14	7	"H"	15.5234042553191	17.1808510638298	14.3723404255319	1.12586171183856	2.80851063829787	1	2	0	0	0	0	3	1.666666667	2	1	0	2	0	0	0	3	2.333333333	3	3	211	241
"77"	"H_15_122"	"Högsjön"	14	37.5	0	0	1	"H"	15.8340425531915	17.4574468085106	14.6489361702128	1.11086703566864	2.80851063829787	1	0	0	0	0	0	1	1	1	0	0	0	0	1	0	1	5	5	1	211	241
"78"	"H_15_123"	"Högsjön"	15	37.5	1	0	1	"H"	16.1063829787234	17.8617021276596	14.7978723404255	1.21131591776316	3.06382978723404	0	1	0	0	0	0	1	2	2	0	0	0	1	0	0	1	4	4	1	211	241
"79"	"H_15_124"	"Högsjön"	21	27.5	1	6	8	"H"	16.3106382978723	17.968085106383	14.6702127659574	1.3361367901692	3.29787234042553	2	0	0	0	0	0	2	1	1	0	0	0	0	1	0	1	5	5	2	211	241
"80"	"H_15_125"	"Högsjön"	18	50	0	0	0	"H"	15.6127659574468	16.531914893617	14.531914893617	0.842468134385765	2	1	0	0	0	0	0	1	1	1	0	0	1	0	0	0	1	3	3	1	211	241
"81"	"H_15_128"	"Högsjön"	25	30	0	13	4	"H"	15.5531914893617	16.6382978723404	14.3191489361702	0.916569696585597	2.31914893617021	1	2	0	0	0	0	3	1.666666667	2	0	0	1	0	0	1	2	4.5	6	3	211	241
"82"	"H_15_129"	"Högsjön"	26	30	0	13	2	"H"	16.168085106383	18.3723404255319	14.2978723404255	1.62932768384168	4.07446808510638	3	1	0	0	0	0	4	1.25	2	0	1	1	1	0	0	3	3	4	4	211	241
"83"	"H_15_132"	"Högsjön"	22	25	1	4	5	"H"	14.9574468085106	15.7021276595745	13.9042553191489	0.748389948359237	1.79787234042553	2	0	0	0	0	0	2	1	1	0	0	1	0	0	1	2	4.5	6	2	211	241
"84"	"H_15_133"	"Högsjön"	21	40	0	11	40	"H"	18.1936170212766	20.031914893617	16.3617021276596	1.51184474565865	3.67021276595745	3	0	0	0	0	0	3	1	1	0	1	1	0	0	0	2	2.5	3	3	211	241
"85"	"H_15_134"	"Högsjön"	18	17.5	0	1	1	"H"	16.3893617021277	18.3829787234043	14.8829787234043	1.3903271636936	3.5	1	1	0	0	0	0	2	1.5	2	1	0	0	0	0	1	2	3.5	6	2	211	241
"86"	"H_15_135"	"Högsjön"	23	30	0	2	15	"H"	16.3595744680851	18.3723404255319	14.7446808510638	1.437673543284	3.62765957446809	1	1	0	0	0	0	2	1.5	2	1	0	0	0	0	1	2	3.5	6	2	211	241
"87"	"H_15_137"	"Högsjön"	24	40	0	5	21	"H"	15.8063829787234	16.5744680851064	14.5957446808511	0.794730283591932	1.97872340425532	0	1	0	0	0	0	1	2	2	0	0	0	0	0	1	1	6	6	1	211	241
"88"	"H_15_138"	"Högsjön"	19	30	0	0	2	"H"	16.2425531914894	17.1914893617021	14.9148936170213	0.953709644394627	2.27659574468085	0	1	0	0	0	0	1	2	2	0	0	0	0	1	0	1	5	5	1	211	241
"89"	"H_15_139"	"Högsjön"	21.5	45	0	0	16	"H"	14.8255319148936	15.4468085106383	14.031914893617	0.593124639858433	1.41489361702128	3	1	0	0	0	0	4	1.25	2	0	2	1	1	0	0	4	2.75	4	4	211	241
"90"	"H_15_140"	"Högsjön"	23	40	0	2	7	"H"	15.5446808510638	16.5106382978723	14.6276595744681	0.758386782206722	1.88297872340426	3	0	0	0	0	0	3	1	1	1	1	0	0	0	0	2	1.5	2	3	211	241
"91"	"H_15_141"	"Högsjön"	24	40	0	0	4	"H"	15.636170212766	16.6382978723404	14.7021276595745	0.800209271396398	1.93617021276596	4	0	0	0	0	0	4	1	1	1	1	0	0	0	0	2	1.5	2	4	211	241
"92"	"H_15_142"	"Högsjön"	34	45	0	2	2	"H"	15.2425531914894	16.0106382978723	14.0531914893617	0.800034672866964	1.95744680851064	3	0	0	0	0	0	3	1	1	0	0	2	0	0	1	3	4	6	3	211	241
"93"	"H_15_143"	"Högsjön"	15.5	35	0	9	6	"H"	15.2212765957447	15.8936170212766	14.2234042553191	0.692873161071677	1.67021276595745	0	1	0	0	0	0	1	2	2	0	0	0	1	0	0	1	4	4	1	211	241
"94"	"H_15_144"	"Högsjön"	17	25	0	0	15	"H"	15.3404255319149	16.2340425531915	14.5212765957447	0.694586485284256	1.71276595744681	1	1	0	0	0	0	2	1.5	2	1	0	0	0	1	0	2	3	5	2	211	241
"95"	"H_15_145"	"Högsjön"	19	60	1	0	1	"H"	15.5765957446809	16.7340425531915	14.6914893617021	0.827131304200483	2.04255319148936	1	0	0	0	0	0	1	1	1	0	0	0	1	0	0	1	4	4	1	211	241
"96"	"H_15_148"	"Högsjön"	18	40	1	0	10	"H"	18.9085106382979	20.8936170212766	16.7127659574468	1.69020385596609	4.18085106382979	1	1	0	0	0	0	2	1.5	2	0	0	0	0	0	1	1	6	6	2	211	241
"97"	"H_15_152"	"Högsjön"	21	27.5	1	0	1	"H"	18.0063829787234	19.436170212766	16.3085106382979	1.25711969671738	3.12765957446809	0	1	0	0	0	0	1	2	2	0	0	0	0	0	1	1	6	6	1	211	241
"98"	"H_15_154"	"Högsjön"	19	40	1	0	11	"H"	15.7446808510638	16.6170212765957	14.436170212766	0.909911338760131	2.18085106382979	2	0	0	0	0	0	2	1	1	1	0	0	1	0	0	2	2.5	4	2	211	241
"99"	"H_15_155"	"Högsjön"	12.5	20	0	0	0	"H"	18.2553191489362	19.6382978723404	16.436170212766	1.34371076909908	3.20212765957447	1	0	0	0	0	0	1	1	1	0	1	0	0	0	0	1	2	2	1	211	241
"100"	"R_15_001"	"Remmene"	18	31	0	0	1	"R"	16.3891304347826	19.3586956521739	13.6630434782609	2.2405513982696	5.69565217391304	1	0	0	0	0	0	1	1	1	1	0	0	0	0	0	1	1	1	2	211	240
"101"	"R_15_004"	"Remmene"	37	37.5	0	0	1	"R"	14.6391304347826	16.0652173913043	12.7934782608696	1.34292028548813	3.27173913043478	2	0	0	0	0	0	2	1	1	1	0	0	0	1	0	2	3	5	2	211	240
"102"	"R_15_005"	"Remmene"	24	27.5	0	7	3	"R"	16.4565217391304	19.1304347826087	13.9347826086957	2.07687204662952	5.19565217391304	1	1	0	0	0	0	2	1.5	2	1	0	0	0	1	0	2	3	5	2	211	240
"103"	"R_15_006"	"Remmene"	25	30	0	8	4	"R"	16.3695652173913	19.1304347826087	13.4347826086957	2.21893252380735	5.69565217391304	0	1	1	0	0	0	2	2.5	3	0	0	0	0	0	2	2	6	6	2	211	240
"104"	"R_15_007"	"Remmene"	20	15	0	0	3	"R"	15.0326086956522	16.195652173913	13.3695652173913	1.21275783372705	2.82608695652174	1	0	0	0	0	0	1	1	1	1	0	0	0	0	0	1	1	1	1	211	240
"105"	"R_15_008"	"Remmene"	21	20	0	1	0	"R"	15.3478260869565	17.0652173913043	13.2065217391304	1.49498707310241	3.85869565217391	1	0	0	0	0	0	1	1	1	1	0	0	0	0	0	1	1	1	1	211	240
"106"	"R_15_009"	"Remmene"	21	20	1	4	0	"R"	15.4108695652174	16.6413043478261	13.7391304347826	1.17127310108681	2.90217391304348	0	1	0	0	0	0	1	2	2	0	0	0	0	0	1	1	6	6	1	211	240
"107"	"R_15_010"	"Remmene"	23	20	0	9	0	"R"	15.3586956521739	16.5978260869565	13.6413043478261	1.25894747991798	2.95652173913043	3	1	1	0	0	0	5	1.6	3	1	1	0	0	0	1	3	3	6	5	211	240
"108"	"R_15_011"	"Remmene"	25	30	0	0	3	"R"	14.254347826087	14.9130434782609	13.2934782608696	0.66986837837092	1.6195652173913	1	0	0	0	0	0	1	1	1	1	0	0	0	0	0	1	1	1	1	211	240
"109"	"R_15_012"	"Remmene"	25	30	0	0	2	"R"	14.3304347826087	15.1086956521739	13.2391304347826	0.758250539566979	1.8695652173913	1	0	0	0	0	0	1	1	1	0	0	0	0	1	0	1	5	5	1	211	240
"110"	"R_15_013"	"Remmene"	28	30	0	1	1	"R"	14.8934782608696	15.945652173913	13.2717391304348	1.09802270830358	2.67391304347826	2	0	0	0	0	0	2	1	1	0	1	1	0	0	0	2	2.5	3	2	211	240
"111"	"R_15_014"	"Remmene"	22	21	0	4	0	"R"	15.5869565217391	17.2826086956522	13.0217391304348	1.77037899583774	4.26086956521739	1	1	0	0	0	0	2	1.5	2	1	0	0	0	0	1	2	3.5	6	2	211	240
"112"	"R_15_015"	"Remmene"	21	31	1	1	3	"R"	15.6934782608696	17.5760869565217	13.7173913043478	1.53374008709079	3.85869565217391	1	0	0	0	0	0	1	1	1	0	0	0	1	0	0	1	4	4	1	211	240
"113"	"R_15_016"	"Remmene"	24	22.5	1	0	0	"R"	14.8760869565217	15.9673913043478	13.2826086956522	1.08189069182827	2.68478260869565	1	0	0	0	0	0	1	1	1	0	0	1	0	0	0	1	3	3	1	211	240
"114"	"R_15_017"	"Remmene"	30	23.5	2	3	0	"R"	15.2217391304348	16.8804347826087	13.1847826086957	1.40851230513898	3.69565217391304	3	1	0	0	0	0	4	1.25	2	1	0	1	2	1	0	5	3.4	5	5	211	240
"115"	"R_15_018"	"Remmene"	27	30	0	1	1	"R"	15.2347826086957	16.75	13.0760869565217	1.45006740076165	3.67391304347826	2	1	0	0	0	0	3	1.333333333	2	1	0	0	1	0	1	3	3.666666667	6	3	211	240
"116"	"R_15_019"	"Remmene"	32	12	0	11	1	"R"	16.554347826087	18.9673913043478	13.5	2.24531215759948	5.46739130434783	0	1	3	0	0	0	4	2.75	3	0	0	0	0	1	3	4	5.75	6	9	211	240
"117"	"R_15_020"	"Remmene"	34	50	0	33	0	"R"	15.4195652173913	17.0760869565217	13.304347826087	1.51464709052154	3.77173913043478	2	4	0	1	0	0	7	2	4	2	1	1	0	1	3	8	3.75	6	8	211	240
"118"	"R_15_021"	"Remmene"	24	35	0	0	4	"R"	16.0782608695652	18.1847826086957	13.6195652173913	1.92279359210821	4.56521739130435	1	0	0	0	0	0	1	1	1	0	0	0	1	0	0	1	4	4	1	211	240
"119"	"R_15_022"	"Remmene"	28	26	0	4	1	"R"	14.7978260869565	15.9565217391304	12.9347826086957	1.19772605048932	3.02173913043478	4	1	0	0	0	0	5	1.2	2	0	0	1	1	2	1	5	4.6	6	5	211	240
"120"	"R_15_023"	"Remmene"	34	32	0	13	15	"R"	14.7826086956522	16.2717391304348	13.1304347826087	1.27984210582431	3.14130434782609	4	1	0	0	0	0	5	1.2	2	0	0	0	0	1	4	5	5.8	6	5	211	240
"121"	"R_15_024"	"Remmene"	27	25	0	29	18	"R"	14.9195652173913	16.4239130434783	13.1739130434783	1.31807183488932	3.25	3	6	1	0	0	0	10	1.8	3	0	0	2	0	3	5	10	5.1	6	10	211	240
"122"	"R_15_025"	"Remmene"	16	15	0	0	2	"R"	16.3	18.9021739130435	13.5108695652174	2.15282324902884	5.39130434782609	1	0	0	0	0	0	1	1	1	1	0	0	0	0	0	1	1	1	1	211	240
"123"	"R_15_026"	"Remmene"	17	15	0	0	0	"R"	15.8869565217391	18.3152173913043	13.3369565217391	1.99662652043129	4.97826086956522	2	0	0	0	0	0	2	1	1	1	0	0	0	0	0	1	1	1	2	211	240
"124"	"R_15_027"	"Remmene"	18	25	0	0	0	"R"	16.8826086956522	19.7282608695652	13.9673913043478	2.3156135664105	5.76086956521739	1	0	0	0	0	0	1	1	1	1	0	0	0	0	0	1	1	1	1	211	240
"125"	"R_15_028"	"Remmene"	14	16	0	0	0	"R"	17.2978260869565	20.804347826087	13.7173913043478	2.87275923273546	7.08695652173913	1	0	0	0	0	0	1	1	1	1	0	0	0	0	0	1	1	1	1	211	240
"126"	"R_15_029"	"Remmene"	13	20	0	0	0	"R"	17.0782608695652	20.3804347826087	13.7934782608696	2.59152743597823	6.58695652173913	0	1	0	0	0	0	1	2	2	0	0	0	0	0	1	1	6	6	1	211	240
"127"	"R_15_030"	"Remmene"	18	21	0	6	0	"R"	16.6195652173913	19.0760869565217	13.8804347826087	2.02876117090046	5.19565217391304	2	1	0	0	0	0	3	1.333333333	2	2	0	0	0	0	1	3	2.666666667	6	3	211	240
"128"	"R_15_031"	"Remmene"	24	35	0	2	1	"R"	15.1152173913043	16.7282608695652	13.1086956521739	1.45430797182396	3.6195652173913	2	0	0	0	0	0	2	1	1	1	0	0	0	0	1	2	3.5	6	2	211	240
"129"	"R_15_032"	"Remmene"	21	30	0	4	0	"R"	16.3978260869565	19.804347826087	13.304347826087	2.61641024291526	6.5	1	0	0	0	0	0	1	1	1	1	0	0	0	0	0	1	1	1	1	211	240
"130"	"R_15_033"	"Remmene"	18	26	0	6	0	"R"	16.3173913043478	19.0652173913043	13.4347826086957	2.32075476956889	5.6304347826087	1	0	1	0	0	0	2	2	3	1	0	0	0	0	1	2	3.5	6	2	211	240
"131"	"R_15_034"	"Remmene"	21	26	0	14	0	"R"	16.3434782608696	19.2608695652174	13.195652173913	2.39524450087636	6.06521739130435	3	1	0	0	0	0	4	1.25	2	2	0	1	0	0	0	3	1.666666667	3	4	211	240
"132"	"R_15_035"	"Remmene"	21	32	0	2	7	"R"	16.6133333333333	20.2666666666667	12.9444444444444	2.89389821938591	7.32222222222222	3	0	0	0	0	0	3	1	1	2	0	0	0	0	1	3	2.666666667	6	3	211	240
"133"	"R_15_036"	"Remmene"	20	18	0	4	0	"R"	16.1888888888889	18.1444444444444	13.8111111111111	1.71721800278724	4.33333333333333	1	0	1	0	0	0	2	2	3	0	0	0	0	1	0	1	5	5	2	211	240
"134"	"R_15_037"	"Remmene"	10	20	0	0	6	"R"	17.0444444444444	19.1555555555556	14.6333333333333	1.93136923481642	4.52222222222222	1	0	0	0	0	0	1	1	1	1	0	0	0	0	0	1	1	1	1	211	240
"135"	"R_15_038"	"Remmene"	13	15	0	1	0	"R"	15.1377777777778	16.4444444444444	13.3111111111111	1.25614000220039	3.13333333333333	1	0	0	0	0	0	1	1	1	1	0	0	0	0	0	1	1	1	1	211	240
"136"	"R_15_039"	"Remmene"	18	15	0	6	0	"R"	16.0644444444444	17.7777777777778	14.1111111111111	1.49694366515981	3.66666666666667	1	0	1	0	0	0	2	2	3	1	0	0	0	1	0	2	3	5	2	211	240
"137"	"R_15_040"	"Remmene"	12	20	0	0	0	"R"	16.3377777777778	17.6222222222222	14.3666666666667	1.30827220195614	3.25555555555556	1	0	0	0	0	0	1	1	1	1	0	0	0	0	0	1	1	1	1	211	240
"138"	"R_15_041"	"Remmene"	10	10.5	0	8	0	"R"	17.5755555555556	19.4	15.3777777777778	1.7205752280539	4.02222222222222	2	1	0	0	0	0	3	1.333333333	2	1	0	1	0	0	0	2	2	3	3	211	240
"139"	"R_15_042"	"Remmene"	9	10	0	1	0	"R"	16.8155555555556	18.3555555555556	14.3888888888889	1.63402377841504	3.96666666666667	1	0	0	0	0	0	1	1	1	0	0	0	1	0	0	1	4	4	1	211	240
"140"	"R_15_043"	"Remmene"	13	15	0	9	1	"R"	16.7688888888889	18.7333333333333	13.7777777777778	2.06521246674636	4.95555555555556	3	0	0	0	0	0	3	1	1	2	1	0	0	0	0	3	1.333333333	2	3	211	240
"141"	"R_15_044"	"Remmene"	10	15	0	6	0	"R"	17.4511111111111	20.5333333333333	14.1	2.61614304539206	6.43333333333333	1	0	0	0	0	0	1	1	1	0	1	0	0	0	0	1	2	2	1	211	240
"142"	"R_15_045"	"Remmene"	10	10	0	0	0	"R"	15.7177777777778	17.1666666666667	13.4555555555556	1.50145456185577	3.71111111111111	1	0	0	0	0	0	1	1	1	0	0	0	1	0	0	1	4	4	1	211	240
"143"	"R_15_046"	"Remmene"	11	12	0	3	1	"R"	17.7066666666667	20.3555555555556	14.3	2.52464181384851	6.05555555555556	1	0	0	0	0	0	1	1	1	0	0	0	0	1	0	1	5	5	1	211	240
"144"	"R_15_047"	"Remmene"	10	10	1	5	0	"R"	16.4377777777778	18.2	13.8666666666667	1.78379891284839	4.33333333333333	3	0	0	0	0	0	3	1	1	1	0	1	0	0	0	2	2	3	3	211	240
"145"	"R_15_048"	"Remmene"	8	10	0	4	1	"R"	16.9777777777778	19.1444444444444	14.2777777777778	1.98792107406426	4.86666666666667	1	0	0	0	0	0	1	1	1	1	0	0	0	0	0	1	1	1	1	211	240
"146"	"R_15_049"	"Remmene"	25	26	0	0	2	"R"	15.0888888888889	16.2666666666667	13.6444444444444	1.05066181243058	2.62222222222222	3	0	0	0	0	0	3	1	1	0	2	0	0	0	0	2	2	2	3	211	240
"147"	"R_15_050"	"Remmene"	19	14	0	11	2	"R"	16.6866666666667	18.5666666666667	13.8333333333333	1.9204679273452	4.73333333333333	2	0	0	0	0	0	2	1	1	1	1	0	0	0	0	2	1.5	2	2	211	240
"148"	"R_15_051"	"Remmene"	18	40	2	0	2	"R"	14.9644444444444	16.1222222222222	13.2666666666667	1.13410032027029	2.85555555555556	4	0	0	0	0	0	4	1	1	1	0	2	0	0	0	3	2.333333333	3	4	211	240
"149"	"R_15_052"	"Remmene"	16	27.5	0	0	0	"R"	16.4177777777778	18.9444444444444	13.2777777777778	2.37197062075595	5.66666666666667	1	0	0	0	0	0	1	1	1	1	0	0	0	0	0	1	1	1	1	211	240
"150"	"R_15_053"	"Remmene"	20	40	0	0	2	"R"	15.1444444444444	16.2333333333333	14.2444444444444	0.827833845887627	1.98888888888889	3	0	0	0	0	0	3	1	1	1	0	0	0	0	0	1	1	1	3	211	240
"151"	"R_15_054"	"Remmene"	22	47.5	0	13	2	"R"	15.3311111111111	16.6777777777778	12.9666666666667	1.51077344275531	3.71111111111111	2	1	0	0	0	0	3	1.333333333	2	2	0	0	0	0	1	3	2.666666667	6	3	211	240
"152"	"R_15_055"	"Remmene"	21	25	0	1	0	"R"	17.4977777777778	20.3666666666667	13.9666666666667	2.7399154088766	6.4	1	1	0	0	0	0	2	1.5	2	1	0	0	0	0	1	2	3.5	6	2	211	240
"153"	"R_15_056"	"Remmene"	14	35	0	3	3	"R"	15.7955555555556	17.5222222222222	13.4	1.72217246631864	4.12222222222222	1	1	0	0	0	0	2	1.5	2	0	0	1	0	0	0	1	3	3	2	211	240
"154"	"R_15_057"	"Remmene"	16	35	0	4	0	"R"	15.3177777777778	17	13.1555555555556	1.54172940389083	3.84444444444444	1	1	0	0	0	0	2	1.5	2	0	0	0	0	0	1	1	6	6	2	211	240
"155"	"R_15_058"	"Remmene"	16	25	0	0	1	"R"	15.4333333333333	16.7222222222222	13.0666666666667	1.48427139093074	3.65555555555556	0	1	0	0	0	0	1	2	2	0	0	0	0	0	1	1	6	6	1	211	240
"156"	"R_15_059"	"Remmene"	13	25	0	0	0	"R"	15.1822222222222	16.4666666666667	12.8666666666667	1.47188314750473	3.6	0	1	0	0	0	0	1	2	2	0	0	0	0	0	1	1	6	6	1	211	240
"157"	"R_15_060"	"Remmene"	21	30	0	6	3	"R"	15.9555555555556	17.4555555555556	13.6222222222222	1.54689172547707	3.83333333333333	1	1	1	0	0	0	3	2	3	1	0	0	0	0	2	3	4.333333333	6	3	211	240
"158"	"R_15_061"	"Remmene"	30	40	1	7	1	"R"	15.8911111111111	17.0555555555556	14.2333333333333	1.19192518494681	2.82222222222222	0	3	1	0	0	0	4	2.25	3	0	0	0	0	0	4	4	6	6	4	211	240
"159"	"R_15_062"	"Remmene"	37.5	40	1	9	3	"R"	14.3666666666667	15.4333333333333	12.8333333333333	1.08417739240187	2.6	1	4	0	0	0	0	5	1.8	2	1	0	0	0	2	2	5	4.6	6	5	211	240
"160"	"R_15_064"	"Remmene"	29	27.5	0	7	4	"R"	16.8177777777778	18.7555555555556	14.1444444444444	1.92626651563925	4.61111111111111	1	1	2	1	0	0	5	2.6	4	0	0	0	1	0	3	4	5.5	6	5	211	240
"161"	"R_15_065"	"Remmene"	23	40	0	0	10	"R"	14.1088888888889	14.7222222222222	13.1666666666667	0.672675743925541	1.55555555555556	0	1	0	0	0	0	1	2	2	0	0	0	0	0	1	1	6	6	1	211	240
"162"	"R_15_066"	"Remmene"	39	40	0	0	3	"R"	14.4066666666667	14.9777777777778	13.5555555555556	0.595211856659737	1.42222222222222	4	1	0	0	0	0	5	1.2	2	0	0	1	1	0	1	3	4.333333333	6	5	211	240
"163"	"R_15_067"	"Remmene"	24	35	0	2	1	"R"	15.8266666666667	17.4333333333333	13.0777777777778	1.77933581673544	4.35555555555556	2	0	0	1	0	0	3	2	4	0	0	0	0	0	1	1	6	6	3	211	240
"164"	"R_15_068"	"Remmene"	26	30	0	1	0	"R"	14.9155555555556	17.3111111111111	12.7111111111111	1.84050804270851	4.6	3	0	0	0	0	0	3	1	1	2	0	0	0	0	0	2	1	1	3	211	240
"165"	"R_15_069"	"Remmene"	20	25	0	0	1	"R"	18.9022222222222	21.8777777777778	16.1777777777778	2.40008676368805	5.7	1	0	0	0	0	0	1	1	1	1	0	0	0	0	0	1	1	1	1	211	240
"166"	"R_15_070"	"Remmene"	15	20	0	7	0	"R"	16.9688888888889	19.3222222222222	13.3444444444444	2.48933978182695	5.97777777777778	0	1	0	0	0	0	1	2	2	0	0	1	0	0	0	1	3	3	1	211	240
"167"	"R_15_071"	"Remmene"	18	47.5	0	3	4	"R"	16.2355555555556	18.2888888888889	13.6555555555556	1.96761354719933	4.63333333333333	1	0	0	0	0	0	1	1	1	0	0	0	0	0	1	1	6	6	1	211	240
"168"	"R_15_072"	"Remmene"	21	35	0	1	12	"R"	15.1822222222222	16.3222222222222	13.3888888888889	1.23012836042803	2.93333333333333	0	1	0	0	0	0	1	2	2	0	1	0	0	0	0	1	2	2	2	211	240
"169"	"R_15_073"	"Remmene"	19	35	0	0	3	"R"	16.8511111111111	20.1444444444444	13.0777777777778	2.84022942441455	7.06666666666667	0	1	0	0	0	0	1	2	2	0	0	1	0	0	0	1	3	3	1	211	240
"170"	"R_15_074"	"Remmene"	20	30	0	3	10	"R"	16.5555555555556	18.9888888888889	12.7777777777778	2.48963662660187	6.21111111111111	1	1	1	0	0	0	3	2	3	0	0	0	0	3	0	3	5	5	3	211	240
"171"	"R_15_075"	"Remmene"	21	27.5	0	13	3	"R"	15.4066666666667	17.0777777777778	12.8222222222222	1.7364444394641	4.25555555555556	0	2	0	0	0	0	2	2	2	0	0	2	0	0	0	2	3	3	2	211	240
"172"	"R_15_076"	"Remmene"	20	30	0	4	1	"R"	14.7511111111111	15.5888888888889	13.4888888888889	0.869237722833262	2.1	3	1	0	1	0	0	5	1.8	4	1	0	0	0	1	1	3	4	6	5	211	240
"173"	"R_15_077"	"Remmene"	30	35	0	22	0	"R"	15.1311111111111	16.6888888888889	12.4888888888889	1.77729432445064	4.2	0	3	1	1	0	0	5	2.6	4	0	0	0	0	2	3	5	5.6	6	5	211	240
"174"	"R_15_078"	"Remmene"	26	52.5	0	4	0	"R"	16.7022222222222	19.2555555555556	13.9	2.1789202799755	5.35555555555556	2	1	0	0	0	0	3	1.333333333	2	0	0	0	0	2	0	2	5	5	3	211	240
"175"	"R_15_079"	"Remmene"	25	52.5	0	6	11	"R"	15.8133333333333	17.6333333333333	13.6888888888889	1.57342617696011	3.94444444444444	3	0	0	0	0	0	3	1	1	2	0	0	0	0	0	2	1	1	3	211	240
"176"	"R_15_080"	"Remmene"	17	40	0	0	0	"R"	16.3777777777778	19.1222222222222	13.4888888888889	2.25575286504222	5.63333333333333	5	0	0	0	0	0	5	1	1	3	0	0	0	0	0	3	1	1	5	211	240
"177"	"R_15_081"	"Remmene"	16	35	1	0	0	"R"	16.4044444444444	18.7777777777778	13.8444444444444	1.91059623693672	4.93333333333333	1	2	0	1	0	0	4	2.25	4	1	0	0	1	0	1	3	3.666666667	6	4	211	240
"178"	"R_15_082"	"Remmene"	22	40	0	11	0	"R"	16.8933333333333	18.9555555555556	13.6666666666667	2.13496969331263	5.28888888888889	1	2	0	1	0	0	4	2.25	4	0	1	0	0	2	1	4	4.5	6	4	211	240
"179"	"R_15_083"	"Remmene"	22	40	1	5	0	"R"	16.8711111111111	19.2	13.5777777777778	2.20599485938141	5.62222222222222	2	1	2	0	0	0	5	2	3	2	0	1	0	0	2	5	3.4	6	5	211	240
"180"	"R_15_086"	"Remmene"	26	35	1	2	0	"R"	16.5244444444444	18.8888888888889	13.3333333333333	2.24541184151131	5.55555555555556	3	1	2	0	1	0	7	2.285714286	5	1	0	0	0	0	4	5	5	6	7	211	240
"181"	"R_15_088"	"Remmene"	30	40	0	5	1	"R"	15.9933333333333	18.0666666666667	13.1111111111111	1.97504383854692	4.95555555555556	0	4	1	0	0	0	5	2.2	3	0	0	0	0	1	3	4	5.75	6	5	211	240
"182"	"R_15_089"	"Remmene"	24	30	0	0	2	"R"	16.1355555555556	18.4666666666667	12.7222222222222	2.26876120726967	5.74444444444444	2	0	0	0	0	0	2	1	1	0	0	1	0	0	1	2	4.5	6	2	211	240
"183"	"R_15_090"	"Remmene"	16	37.5	0	0	1	"R"	15.6311111111111	16.9888888888889	13.6777777777778	1.36058704235909	3.31111111111111	2	0	0	0	0	0	2	1	1	2	0	0	0	0	0	2	1	1	2	211	240
"184"	"R_15_091"	"Remmene"	18	37.5	0	0	1	"R"	16.3688888888889	18.4888888888889	13.6555555555556	1.94727656737441	4.83333333333333	2	1	0	0	0	0	3	1.333333333	2	1	0	1	0	0	1	3	3.333333333	6	3	211	240
"185"	"R_15_092"	"Remmene"	21	37.5	0	0	1	"R"	16.0244444444444	17.8555555555556	13.4	1.76487559540464	4.45555555555556	3	1	0	0	0	0	4	1.25	2	3	0	0	0	0	1	4	2.25	6	4	211	240
"186"	"R_15_093"	"Remmene"	33	50	1	30	0	"R"	17.3111111111111	20.6777777777778	13.4	2.98934869855887	7.27777777777778	1	1	7	1	0	0	10	2.8	4	0	0	0	0	4	5	9	5.555555556	6	10	211	240
"187"	"R_15_094"	"Remmene"	25	40	0	0	0	"R"	15.2688888888889	16.5444444444444	13.4888888888889	1.23378613738115	3.05555555555556	3	1	0	0	0	0	4	1.25	2	2	0	0	0	0	1	3	2.666666667	6	4	211	240
"188"	"R_15_095"	"Remmene"	33	40	0	2	0	"R"	15.2822222222222	16.9666666666667	13.0888888888889	1.56369911370442	3.87777777777778	1	3	2	0	0	0	6	2.166666667	3	1	0	0	0	0	5	6	5.166666667	6	6	211	240
"189"	"R_15_096"	"Remmene"	36	45	1	1	0	"R"	16.5555555555556	18.7888888888889	14.1888888888889	1.95912148547187	4.6	1	4	0	0	0	0	5	1.8	2	1	1	1	0	0	2	5	3.6	6	6	211	240
"190"	"R_15_098"	"Remmene"	16	45	0	0	0	"R"	15.9333333333333	17.2111111111111	14.0222222222222	1.32567452888401	3.18888888888889	0	0	1	0	1	0	2	4	5	0	0	0	0	0	2	2	6	6	2	211	240
"191"	"R_15_099"	"Remmene"	35	45	1	2	1	"R"	15.4488888888889	16.5222222222222	13.8444444444444	1.14406691837394	2.67777777777778	1	3	1	0	0	0	5	2	3	0	0	0	0	3	2	5	5.4	6	5	211	240
"192"	"R_15_100"	"Remmene"	26	45	0	0	0	"R"	14.8377777777778	15.7888888888889	13.3333333333333	0.996057699020218	2.45555555555556	2	1	0	0	0	0	3	1.333333333	2	0	2	0	0	0	0	2	2	2	3	211	240
"193"	"T_15_001"	"Tånga Hed"	8.7	22.5	4	0	0	"T"	19.1	21.7878787878788	16.1212121212121	2.23579735335672	5.66666666666667	3	1	1	3	1	0	9	2.777777778	5	0	0	0	0	0	3	3	6	6	9	210	239
"194"	"T_15_002"	"Tånga Hed"	23.7	30	8	4	0	"T"	17.8363636363636	19.0909090909091	16.0454545454545	1.23391261169762	3.04545454545455	0	2	7	6	1	0	16	3.375	5	0	0	0	0	1	10	11	5.909090909	6	16	210	239
"195"	"T_15_003"	"Tånga Hed"	26.7	17.5	5	0	0	"T"	18.5424242424242	21.3333333333333	16.0151515151515	2.3314966308302	5.31818181818182	0	2	4	0	0	0	6	2.666666667	3	0	0	0	0	0	6	6	6	6	6	210	239
"196"	"T_15_004"	"Tånga Hed"	25.5	25	7	0	0	"T"	18.0393939393939	20.2575757575758	15.7727272727273	1.80080852295809	4.48484848484848	1	1	5	1	0	0	8	2.75	4	0	0	0	0	0	7	7	6	6	8	210	239
"197"	"T_15_005"	"Tånga Hed"	29.5	35	7	0	1	"T"	17.4454545454545	19.0454545454545	15.4393939393939	1.47860033171716	3.60606060606061	1	7	1	0	0	0	9	2	3	0	0	0	0	1	7	8	5.875	6	9	210	239
"198"	"T_15_006"	"Tånga Hed"	23.3	27.5	5	2	6	"T"	17.1939393939394	19.2878787878788	14.8030303030303	1.78487994751278	4.48484848484848	2	4	2	1	0	0	9	2.222222222	4	0	0	0	0	1	6	7	5.857142857	6	9	210	239
"199"	"T_15_007"	"Tånga Hed"	22.7	27.5	7	1	7	"T"	17.1939393939394	19.2878787878788	14.8030303030303	1.78487994751278	4.48484848484848	0	7	1	0	0	0	8	2.125	3	0	0	0	0	1	7	8	5.875	6	8	210	239
"200"	"T_15_008"	"Tånga Hed"	14	35	4	0	0	"T"	17.4454545454545	19.0454545454545	15.4393939393939	1.47860033171716	3.60606060606061	0	0	3	1	0	0	4	3.25	4	0	0	0	0	0	4	4	6	6	4	210	239
"201"	"T_15_009"	"Tånga Hed"	20	22.5	0	0	35	"T"	17.6121212121212	19.6818181818182	15.3333333333333	1.82416513728735	4.34848484848485	2	1	0	0	0	0	3	1.333333333	2	0	0	1	0	0	0	1	3	3	3	210	239
"202"	"T_15_010"	"Tånga Hed"	24.5	22.5	6	3	30	"T"	17.6121212121212	19.6818181818182	15.3333333333333	1.82416513728735	4.34848484848485	1	4	2	1	0	0	8	2.375	4	0	0	0	0	0	7	7	6	6	8	210	239
"203"	"T_15_011"	"Tånga Hed"	22.2	15	3	5	0	"T"	19.1060606060606	22.530303030303	15.1363636363636	2.89912385350152	7.39393939393939	1	3	1	0	0	0	5	2	3	0	0	0	1	0	4	5	5.6	6	5	210	239
"204"	"T_15_012"	"Tånga Hed"	23	40	1	4	20	"T"	17.1060606060606	18.8484848484848	14.9848484848485	1.48838537336872	3.86363636363636	1	1	1	1	4	0	8	3.75	5	0	0	1	0	0	3	4	5.25	6	8	210	239
"205"	"T_15_013"	"Tånga Hed"	19.5	10	1	14	1	"T"	18.669696969697	22.0757575757576	15.1818181818182	2.68215791862413	6.89393939393939	0	2	3	1	0	0	6	2.833333333	4	0	0	0	0	4	2	6	5.333333333	6	6	210	239
"206"	"T_15_014"	"Tånga Hed"	21	27.5	4	0	5	"T"	18.2969696969697	20.5151515151515	15.6666666666667	1.85704930887577	4.84848484848485	0	0	2	1	1	0	4	3.75	5	0	0	0	0	0	4	4	6	6	4	210	239
"207"	"T_15_015"	"Tånga Hed"	15	10	0	2	20	"T"	18.5272727272727	21.6212121212121	15.3333333333333	2.42274695159936	6.28787878787879	0	3	1	0	0	0	4	2.25	3	0	0	1	0	1	0	2	4	5	4	210	239
"208"	"T_15_016"	"Tånga Hed"	21	15	0	5	12	"T"	17.169696969697	19.2575757575758	13.7878787878788	2.27071272409928	5.46969696969697	5	2	0	0	0	0	7	1.285714286	2	0	0	0	1	2	3	6	5.333333333	6	7	210	239
"209"	"T_15_017"	"Tånga Hed"	29	40	2	12	40	"T"	17.830303030303	20.469696969697	15.0757575757576	2.11290018693554	5.39393939393939	2	4	1	0	0	0	7	1.857142857	3	0	0	0	0	3	4	7	5.571428571	6	7	210	239
"210"	"T_15_018"	"Tånga Hed"	35	27.5	4	7	20	"T"	17.1818181818182	19.0909090909091	15.1818181818182	1.54654865382245	3.90909090909091	5	6	1	0	0	0	12	1.666666667	3	0	0	1	2	3	6	12	5.166666667	6	12	210	239
"211"	"T_15_019"	"Tånga Hed"	36	27.5	4	16	15	"T"	17.1818181818182	19.0909090909091	15.1818181818182	1.54654865382245	3.90909090909091	0	2	8	1	0	0	11	2.909090909	4	0	0	0	0	4	7	11	5.636363636	6	11	210	239
"212"	"T_15_020"	"Tånga Hed"	24.5	35	2	0	45	"T"	18.0666666666667	19.7272727272727	15.7575757575758	1.55748753382916	3.96969696969697	2	2	0	0	0	0	4	1.5	2	0	0	0	0	1	2	3	5.666666667	6	4	210	239
"213"	"T_15_021"	"Tånga Hed"	23	12.5	1	13	15	"T"	17.9545454545455	20.030303030303	15.0606060606061	1.95434547018271	4.96969696969697	1	6	0	0	0	0	7	1.857142857	2	0	0	1	0	1	5	7	5.428571429	6	7	210	239
"214"	"T_15_022"	"Tånga Hed"	26	35	3	25	45	"T"	17.4939393939394	19.8636363636364	14.8181818181818	1.94421651713495	5.04545454545455	0	1	7	1	0	0	9	3	4	0	0	0	0	3	6	9	5.666666667	6	9	210	239
"215"	"T_15_023"	"Tånga Hed"	18	10	3	0	0	"T"	17.9545454545455	20.030303030303	15.0606060606061	1.95434547018271	4.96969696969697	0	3	1	0	0	0	4	2.25	3	0	0	0	0	0	3	3	6	6	4	210	239
"216"	"T_15_024"	"Tånga Hed"	35	30	5	9	7	"T"	17.1666666666667	19.6060606060606	14.8030303030303	1.8527033683308	4.8030303030303	3	6	1	0	0	0	10	1.8	3	0	0	0	0	4	5	9	5.555555556	6	10	210	239
"217"	"T_15_025"	"Tånga Hed"	26.5	27.5	4	2	0	"T"	19.6727272727273	23.9393939393939	16.0757575757576	3.28841263768222	7.86363636363636	0	3	1	1	0	0	5	2.6	4	0	0	0	0	0	5	5	6	6	5	210	239
"218"	"T_15_026"	"Tånga Hed"	17.5	17.5	3	8	11	"T"	18.7909090909091	22.0909090909091	15.6818181818182	2.59921136191805	6.40909090909091	0	5	0	1	0	0	6	2.333333333	4	0	0	0	0	1	5	6	5.833333333	6	6	210	239
"219"	"T_15_027"	"Tånga Hed"	22.5	10	3	1	16	"T"	18.1545454545455	20.6818181818182	15.5151515151515	2.01759104623947	5.16666666666667	1	3	1	0	0	0	5	2	3	0	0	0	0	1	3	4	5.75	6	5	210	239
"220"	"T_15_028"	"Tånga Hed"	26.5	15	4	4	4	"T"	18.230303030303	21.1060606060606	15.530303030303	2.21340824354135	5.57575757575758	0	2	2	1	0	0	5	2.8	4	0	0	0	0	0	5	5	6	6	5	210	239
"221"	"T_15_029"	"Tånga Hed"	31	12.5	5	0	8	"T"	18.8060606060606	23.0757575757576	15.5	2.92570356229862	7.57575757575758	0	2	2	1	0	0	5	2.8	4	0	0	0	0	0	5	5	6	6	5	210	239
"222"	"T_15_030"	"Tånga Hed"	23	17.5	3	4	15	"T"	18.8060606060606	23.0757575757576	15.5	2.92570356229862	7.57575757575758	0	2	3	0	0	0	5	2.6	3	0	0	0	0	0	5	5	6	6	5	210	239
"223"	"T_15_031"	"Tånga Hed"	17	10	2	0	0	"T"	18.2939393939394	21.4242424242424	15.2121212121212	2.39520999676012	6.21212121212121	2	1	0	0	0	0	3	1.333333333	2	0	0	0	0	1	1	2	5.5	6	3	210	239
"224"	"T_15_032"	"Tånga Hed"	25.5	15	4	2	0	"T"	18.2939393939394	21.4242424242424	15.2121212121212	2.39520999676012	6.21212121212121	1	1	5	1	0	0	8	2.75	4	0	0	0	0	1	6	7	5.857142857	6	8	210	239
"225"	"T_15_033"	"Tånga Hed"	26.6	10	5	18	6	"T"	18.0575757575758	20.2575757575758	15.6212121212121	1.81957356667359	4.63636363636364	3	8	1	0	0	0	12	1.833333333	3	1	1	0	0	3	7	12	5	6	12	210	239
"226"	"T_15_034"	"Tånga Hed"	22	15	1	0	1	"T"	17.8090909090909	20.6969696969697	15.0454545454545	2.190682834234	5.65151515151515	4	2	0	0	0	0	6	1.333333333	2	0	0	0	0	2	1	3	5.333333333	6	6	210	239
"227"	"T_15_035"	"Tånga Hed"	25.5	15	4	5	2	"T"	17.8090909090909	20.6969696969697	15.0454545454545	2.190682834234	5.65151515151515	2	8	1	0	0	0	11	1.909090909	3	0	0	0	0	3	5	8	5.625	6	11	210	239
"228"	"T_15_036"	"Tånga Hed"	23.7	12.5	3	6	5	"T"	18.6212121212121	21.6969696969697	15.7121212121212	2.32139797024234	5.98484848484848	0	2	2	1	0	0	5	2.8	4	0	0	0	0	1	4	5	5.8	6	5	210	239
"229"	"T_15_037"	"Tånga Hed"	24	12.5	3	6	1	"T"	17.6757575757576	19.7272727272727	15.2727272727273	1.81641945519522	4.45454545454545	0	2	2	1	0	0	5	2.8	4	0	0	0	0	1	4	5	5.8	6	5	210	239
"230"	"T_15_038"	"Tånga Hed"	17	12.5	3	0	0	"T"	17.6757575757576	19.7272727272727	15.2727272727273	1.81641945519522	4.45454545454545	0	3	1	0	0	0	4	2.25	3	0	0	0	0	1	3	4	5.75	6	4	210	239
"231"	"T_15_039"	"Tånga Hed"	24.5	10	6	0	2	"T"	18.830303030303	22.5757575757576	15.3636363636364	2.82500112769511	7.21212121212121	1	6	1	0	0	0	8	2	3	0	0	0	0	0	6	6	6	6	8	210	239
"232"	"T_15_040"	"Tånga Hed"	20.5	15	4	6	1	"T"	18.4121212121212	21.5606060606061	15.3787878787879	2.36411356297114	6.18181818181818	0	0	5	0	1	0	6	3.333333333	5	0	0	0	0	0	7	7	6	6	7	210	239
"233"	"T_15_041"	"Tånga Hed"	25	15	4	5	0	"T"	18.8363636363636	22.8030303030303	15.6969696969697	2.75914180057383	7.10606060606061	0	0	4	1	0	0	5	3.2	4	0	0	0	0	0	5	5	6	6	5	210	239
"234"	"T_15_042"	"Tånga Hed"	28.5	17.5	5	8	2	"T"	17.8939393939394	20.6818181818182	15.1212121212121	2.17618013533669	5.56060606060606	0	2	4	1	0	0	7	2.857142857	4	0	0	0	0	0	7	7	6	6	7	210	239
"235"	"T_15_043"	"Tånga Hed"	22	12.5	4	1	11	"T"	18.2181818181818	22.1515151515152	15.2575757575758	2.69413082498957	6.89393939393939	0	4	1	0	0	0	5	2.2	3	0	0	0	0	1	4	5	5.8	6	5	210	239
"236"	"T_15_044"	"Tånga Hed"	26	15	6	0	15	"T"	18.2181818181818	22.1515151515152	15.2575757575758	2.69413082498957	6.89393939393939	0	0	5	1	0	0	6	3.166666667	4	0	0	0	0	0	6	6	6	6	6	210	239
"237"	"T_15_045"	"Tånga Hed"	17.5	15	0	6	18	"T"	18.4121212121212	21.5606060606061	15.3787878787879	2.36411356297114	6.18181818181818	1	2	1	0	0	0	4	2	3	0	0	0	0	1	1	2	5.5	6	4	210	239
"238"	"T_15_046"	"Tånga Hed"	21.5	12.5	2	2	12	"T"	18.3041666666667	21.3125	15.375	2.42727586797789	5.9375	1	2	1	0	0	0	4	2	3	0	0	0	0	0	3	3	6	6	4	210	239
"239"	"T_15_047"	"Tånga Hed"	12	12.5	1	0	7	"T"	18.3041666666667	21.3125	15.375	2.42727586797789	5.9375	1	0	0	0	0	0	1	1	1	0	0	0	0	1	0	1	5	5	1	210	239
"240"	"T_15_048"	"Tånga Hed"	16.5	12.5	1	0	11	"T"	18.6212121212121	21.6969696969697	15.7121212121212	2.32139797024234	5.98484848484848	1	0	1	0	0	0	2	2	3	0	0	0	0	0	2	2	6	6	2	210	239
"241"	"T_15_049"	"Tånga Hed"	27.5	27.5	4	3	6	"T"	17.6242424242424	20.4090909090909	15.2121212121212	1.99294677580945	5.1969696969697	1	0	4	1	0	0	6	2.833333333	4	0	0	0	0	0	5	5	6	6	6	210	239
"242"	"T_15_050"	"Tånga Hed"	30.3	15	5	2	3	"T"	17.7666666666667	20.1363636363636	15.4545454545455	1.83041121030134	4.68181818181818	0	6	1	0	0	0	7	2.142857143	3	0	0	0	0	1	6	7	5.857142857	6	7	210	239
"243"	"T_15_051"	"Tånga Hed"	33	17.5	3	8	11	"T"	17.6060606060606	19.8333333333333	15.3333333333333	1.75549803399274	4.5	4	4	1	0	0	0	9	1.666666667	3	0	0	0	0	3	3	6	5.5	6	9	210	239
"244"	"T_15_052"	"Tånga Hed"	20	15	6	4	10	"T"	18.1272727272727	21.1060606060606	15.2424242424242	2.26657577252448	5.86363636363636	1	4	3	1	0	0	9	2.444444444	4	0	0	0	0	0	8	8	6	6	9	210	239
"245"	"T_15_053"	"Tånga Hed"	19	12.5	2	0	10	"T"	18.3060606060606	21.3939393939394	15.3333333333333	2.3418019682209	6.06060606060606	1	3	1	0	0	0	5	2	3	0	0	0	0	3	1	4	5.25	6	5	210	239
"246"	"T_15_054"	"Tånga Hed"	19.7	15	1	5	5	"T"	17.7	19.8484848484848	15.3333333333333	1.765929769312	4.51515151515152	0	0	2	1	0	0	3	3.333333333	4	0	0	0	0	0	3	3	6	6	3	210	239
"247"	"T_15_055"	"Tånga Hed"	16.5	20	1	0	20	"T"	17.7212121212121	20.3939393939394	15.3787878787879	2.00861445629225	5.01515151515152	1	1	0	0	0	0	2	1.5	2	0	0	0	1	0	1	2	5	6	2	210	239
"248"	"T_15_056"	"Tånga Hed"	38	30	15	0	20	"T"	17.1030303030303	19.3484848484848	14.8030303030303	1.76398442810906	4.54545454545455	2	12	2	1	0	0	17	2.117647059	4	0	0	0	0	1	15	16	5.9375	6	17	210	239
"249"	"T_15_057"	"Tånga Hed"	18.5	15	4	4	1	"T"	19.0030303030303	23.5757575757576	15.6212121212121	3.14487265833658	7.95454545454545	0	2	3	1	0	0	6	2.833333333	4	0	0	0	0	0	6	6	6	6	6	210	239
"250"	"T_15_058"	"Tånga Hed"	14	5	1	2	13	"T"	18.030303030303	21.6818181818182	14.8333333333333	2.73050146704335	6.84848484848485	3	1	0	0	0	0	4	1.25	2	0	1	0	3	0	1	5	4	6	5	210	239
"251"	"T_15_059"	"Tånga Hed"	18	15	3	0	35	"T"	18	20.1060606060606	16.030303030303	1.60556551797679	4.07575757575758	1	2	1	0	0	0	4	2	3	0	0	1	0	1	2	4	5	6	4	210	239
"252"	"T_15_060"	"Tånga Hed"	24	22	3	4	20	"T"	17.2484848484848	19.030303030303	15.4090909090909	1.4585991531419	3.62121212121212	2	2	1	0	0	0	5	1.8	3	1	0	0	0	2	2	5	4.6	6	5	210	239
"253"	"T_15_061"	"Tånga Hed"	23	10	3	3	9	"T"	18.0878787878788	20.1515151515152	15.8787878787879	1.65472293519751	4.27272727272727	1	0	3	0	0	0	4	2.5	3	0	0	0	0	0	4	4	6	6	4	210	239
"254"	"T_15_062"	"Tånga Hed"	18	15	3	0	6	"T"	18.0878787878788	20.1515151515152	15.8787878787879	1.65472293519751	4.27272727272727	0	1	2	0	0	0	3	2.666666667	3	0	0	0	0	0	3	3	6	6	3	210	239
"255"	"T_15_063"	"Tånga Hed"	31	20	4	4	25	"T"	16.4	17.4242424242424	14.969696969697	1.03370369570909	2.45454545454545	0	2	4	1	0	0	7	2.857142857	4	0	0	0	0	0	7	7	6	6	7	210	239
"256"	"T_15_064"	"Tånga Hed"	19.2	15	1	3	1	"T"	17.4848484848485	19.1060606060606	15.1969696969697	1.55371489815548	3.90909090909091	2	1	0	0	0	0	3	1.333333333	2	1	0	0	0	0	2	3	4.333333333	6	3	210	239
"257"	"T_15_065"	"Tånga Hed"	29.5	27.5	1	26	22	"T"	18.2060606060606	20.1818181818182	15.5151515151515	1.95372288710106	4.66666666666667	2	4	4	1	0	0	11	2.363636364	4	0	0	1	0	6	2	9	5	6	11	210	239
"258"	"T_15_066"	"Tånga Hed"	25	22.5	5	5	4	"T"	16.5515151515152	19.1818181818182	14.1818181818182	2.06370622173452	5	0	5	3	0	0	0	8	2.375	3	0	0	0	0	0	8	8	6	6	8	210	239
"259"	"T_15_067"	"Tånga Hed"	18	10	1	0	15	"T"	16.8242424242424	19.0151515151515	14.4848484848485	1.81806622402341	4.53030303030303	1	1	0	0	0	0	2	1.5	2	0	0	0	1	0	1	2	5	6	2	210	239
"260"	"T_15_068"	"Tånga Hed"	13	6	0	4	6	"T"	18.9	22.1818181818182	15.4545454545455	2.76328742973957	6.72727272727273	0	1	0	1	0	0	2	3	4	0	0	0	0	1	1	2	5.5	6	2	210	239
"261"	"T_15_069"	"Tånga Hed"	22.3	10	0	14	10	"T"	18.4363636363636	21.2575757575758	15.8181818181818	2.18406898817186	5.43939393939394	0	4	1	0	0	0	5	2.2	3	1	0	0	0	1	3	5	4.8	6	5	210	239
"262"	"T_15_070"	"Tånga Hed"	28	17	0	6	8	"T"	17.5878787878788	21.469696969697	14.7121212121212	2.67254823630042	6.75757575757576	1	1	2	0	0	0	4	2.25	3	1	0	0	0	0	3	4	4.75	6	4	210	239
"263"	"T_15_071"	"Tånga Hed"	21	12	1	0	0	"T"	17.5878787878788	21.469696969697	14.7121212121212	2.67254823630042	6.75757575757576	4	1	0	0	0	0	5	1.2	2	1	0	0	3	0	1	5	3.8	6	5	210	239
"264"	"T_15_072"	"Tånga Hed"	21	27.5	2	8	60	"T"	17.8424242424242	19.6818181818182	15.2575757575758	1.83369602722342	4.42424242424242	0	0	4	0	1	0	5	3.4	5	0	0	0	0	1	4	5	5.8	6	5	210	239
"265"	"T_15_073"	"Tånga Hed"	25	12.5	0	6	1	"T"	16.6818181818182	18.8181818181818	14.4848484848485	1.72889123832104	4.33333333333333	2	1	0	0	0	0	3	1.333333333	2	1	0	1	0	0	1	3	3.333333333	6	3	210	239
"266"	"T_15_074"	"Tånga Hed"	28	22	1	17	40	"T"	16.8060606060606	18.3181818181818	14.4545454545455	1.54608582858992	3.86363636363636	1	3	1	1	0	0	6	2.333333333	4	2	0	0	0	0	5	7	4.571428571	6	7	210	239
"267"	"T_15_075"	"Tånga Hed"	21	12	3	0	30	"T"	16.6787878787879	17.969696969697	14.7272727272727	1.34422854377057	3.24242424242424	0	2	1	0	0	0	3	2.333333333	3	0	0	0	0	0	3	3	6	6	3	210	239
"268"	"T_15_076"	"Tånga Hed"	31	15	6	16	0	"T"	17.6757575757576	19.6515151515152	14.8939393939394	1.86391733207884	4.75757575757576	1	3	9	1	0	0	14	2.714285714	4	0	0	1	0	1	11	13	5.692307692	6	14	210	239
"269"	"T_15_077"	"Tånga Hed"	35	23	2	34	0	"T"	16.7545454545455	18.5606060606061	14.4545454545455	1.62489809115042	4.10606060606061	1	2	9	1	1	0	14	2.928571429	5	0	0	1	0	2	11	14	5.642857143	6	14	210	239
"270"	"T_15_078"	"Tånga Hed"	21	15	3	3	30	"T"	16.6787878787879	17.969696969697	14.7272727272727	1.34422854377057	3.24242424242424	1	2	0	0	0	0	3	1.666666667	2	0	0	0	0	0	3	3	6	6	3	210	239
"271"	"T_15_079"	"Tånga Hed"	32	30	3	14	0	"T"	16.6666666666667	18.2878787878788	14.2727272727273	1.56301558126468	4.01515151515152	1	0	6	0	1	0	8	3	5	2	0	0	0	0	7	9	4.888888889	6	9	210	239
"272"	"T_15_080"	"Tånga Hed"	36	20	1	37	0	"T"	17.4424242424242	19.0909090909091	14.7575757575758	1.78762409943864	4.33333333333333	1	2	5	4	1	0	13	3.153846154	5	0	1	0	1	0	10	12	5.5	6	13	210	239
"273"	"T_15_081"	"Tånga Hed"	29	15	1	19	0	"T"	17.4424242424242	19.0909090909091	14.7575757575758	1.78762409943864	4.33333333333333	0	0	5	1	1	0	7	3.428571429	5	0	0	0	0	1	6	7	5.857142857	6	7	210	239
"274"	"T_15_082"	"Tånga Hed"	24	42.5	0	12	0	"T"	17.6969696969697	19.6060606060606	14.8787878787879	1.95398329840251	4.72727272727273	1	0	3	0	1	0	5	3	5	1	0	0	0	2	2	5	4.6	6	5	210	239
"275"	"T_15_083"	"Tånga Hed"	34	47.5	1	24	0	"T"	17.5393939393939	19.8030303030303	14.7121212121212	2.04072097990532	5.09090909090909	2	0	7	0	1	0	10	2.8	5	0	0	1	0	2	8	11	5.545454545	6	11	210	239
"276"	"T_15_084"	"Tånga Hed"	26	38.5	0	6	0	"T"	17.130303030303	18.4393939393939	14.8636363636364	1.47244078303812	3.57575757575758	3	1	1	0	0	0	5	1.6	3	0	0	4	0	0	0	4	3	3	5	210	239
"277"	"T_15_085"	"Tånga Hed"	24	41	4	11	2	"T"	17.130303030303	18.4393939393939	14.8636363636364	1.47244078303812	3.57575757575758	1	0	5	0	0	0	6	2.666666667	3	0	0	0	2	1	3	6	5.166666667	6	6	210	239
"278"	"T_15_086"	"Tånga Hed"	33	20	4	9	20	"T"	16.6242424242424	18.2272727272727	14.5151515151515	1.5177529693376	3.71212121212121	3	5	1	0	0	0	9	1.777777778	3	0	1	0	0	2	6	9	5.333333333	6	9	210	239
"279"	"T_15_087"	"Tånga Hed"	21	17.5	1	0	40	"T"	16.1939393939394	17.5151515151515	14.6515151515152	1.15683216678821	2.86363636363636	2	1	0	0	0	0	3	1.333333333	2	0	1	0	0	0	1	2	4	6	3	210	239
"280"	"T_15_088"	"Tånga Hed"	34	45	0	12	20	"T"	15.6484848484848	17.2727272727273	13.6666666666667	1.46746308340856	3.60606060606061	2	3	0	0	0	0	5	1.6	2	0	0	1	0	0	3	4	5.25	6	5	210	239
"281"	"T_15_089"	"Tånga Hed"	19	20	0	12	0	"T"	16.8939393939394	18.3030303030303	14.469696969697	1.57242726211667	3.83333333333333	0	0	3	0	1	0	4	3.5	5	0	0	0	1	2	1	4	5	6	4	210	239
"282"	"T_15_090"	"Tånga Hed"	27	30	8	6	0	"T"	17.4787878787879	19.7575757575758	15.2878787878788	1.76674636784414	4.46969696969697	0	0	9	0	1	0	10	3.2	5	0	0	0	0	0	9	9	6	6	10	210	239
"283"	"T_15_091"	"Tånga Hed"	16	17.5	0	3	0	"T"	16.8939393939394	18.3030303030303	14.469696969697	1.57242726211667	3.83333333333333	1	1	0	0	0	0	2	1.5	2	1	0	0	1	0	0	2	2.5	4	2	210	239
"284"	"T_15_092"	"Tånga Hed"	17	38.5	1	0	1	"T"	17.130303030303	18.4393939393939	14.8636363636364	1.47244078303812	3.57575757575758	0	1	0	0	0	0	1	2	2	0	0	0	0	0	1	1	6	6	1	210	239
"285"	"T_15_093"	"Tånga Hed"	37	32.5	5	4	12	"T"	17.4787878787879	19.7575757575758	15.2878787878788	1.76674636784414	4.46969696969697	1	1	6	0	0	0	8	2.625	3	0	0	0	0	2	6	8	5.75	6	8	210	239
"286"	"T_15_094"	"Tånga Hed"	32	36	2	5	1	"T"	17.9151515151515	20.5454545454545	15.6515151515152	1.92830891314264	4.89393939393939	1	0	6	0	1	0	8	3	5	1	0	0	0	1	2	4	4.5	6	8	210	239
"287"	"T_15_095"	"Tånga Hed"	27	20	2	14	0	"T"	17.2060606060606	19.6363636363636	14.4848484848485	1.98089471311228	5.15151515151515	0	0	2	3	2	0	7	4	5	0	0	0	0	0	7	7	6	6	7	210	239
"288"	"T_15_096"	"Tånga Hed"	33	10	7	4	12	"T"	16.7030303030303	18.8484848484848	14.5151515151515	1.66628429264828	4.33333333333333	0	3	6	0	0	0	9	2.666666667	3	0	0	0	0	2	7	9	5.777777778	6	9	210	239
"289"	"T_15_097"	"Tånga Hed"	32	27	4	11	9	"T"	17.8090909090909	20.1363636363636	14.7575757575758	2.06694569566984	5.37878787878788	0	0	10	0	1	0	11	3.181818182	5	1	1	0	0	0	10	12	5.25	6	12	210	239
"290"	"T_15_098"	"Tånga Hed"	19	22	2	0	0	"T"	18.2939393939394	21.030303030303	15.3939393939394	2.32663613983953	5.63636363636364	0	0	1	2	0	0	3	3.666666667	4	0	0	0	0	0	3	3	6	6	3	210	239
"291"	"T_15_099"	"Tånga Hed"	29	20	4	5	0	"T"	18.2939393939394	21.030303030303	15.3939393939394	2.32663613983953	5.63636363636364	1	1	6	1	0	0	9	2.777777778	4	0	0	0	0	1	7	8	5.875	6	9	210	239
"292"	"T_15_100"	"Tånga Hed"	32	26	4	8	9	"T"	17.6484848484848	19.7878787878788	14.8030303030303	1.94254260709333	4.98484848484848	1	0	11	1	0	0	13	2.923076923	4	1	0	0	0	0	12	13	5.615384615	6	13	210	239
"293"	"T_15_101"	"Tånga Hed"	36	20	5	37	0	"T"	17.0484848484848	18.530303030303	14.9545454545455	1.44099135259116	3.57575757575758	3	4	9	0	1	0	17	2.529411765	5	0	0	1	1	0	16	18	5.722222222	6	18	210	239
"294"	"T_15_102"	"Tånga Hed"	24	32.5	5	5	0	"T"	19.1606060606061	22.7272727272727	15.2424242424242	2.98101726076326	7.48484848484848	0	0	3	1	3	0	7	4	5	0	0	0	0	0	7	7	6	6	7	210	239
"295"	"T_15_103"	"Tånga Hed"	40	22	1	22	15	"T"	16.9393939393939	18.9545454545455	14.2121212121212	1.84287775713907	4.74242424242424	0	0	6	1	0	0	7	3.142857143	4	0	0	0	0	0	7	7	6	6	7	210	239
