"id_pl"	"population"	"shoot_h"	"veg_h_mean"	"n_intact_fruits"	"n_eggs_max"	"n_redants"	"pop"	"meanT"	"maxT"	"minT"	"sdT"	"rangeT"	"redants_pres"	"ants_t"	"t_shoot_h"	"t_veg_h_mean"	"t_n_intact_fruits"	"t_n_eggs_max"	"t_n_redants"	"t_meanT"	"id"	"a1"	"b1"	"c1"	"d1"	"e1"	"f1"	"n_fl1"	"phen_index1"	"most_adv1"	"a2"	"b2"	"c2"	"d2"	"e2"	"f2"	"n_fl2"	"phen_index2"	"most_adv2"	"n_fl"	"julian1"	"julian2"
"1"	"H_15_002"	"Högsjön"	27	20	0	3	0	"H"	17.8063829787234	21.2978723404255	15.0957446808511	2.47209034644602	6.20212765957447	"0"	0	0.830491499421837	-1.25423629086867	-0.654636253008874	0.00576038618171813	-0.639707341928494	0.815437296189659	1	2	1	0	0	0	0	3	1.333333333	2	0	0	0	0	2	1	3	5.333333333	6	3	211	241
"2"	"H_15_006"	"Högsjön"	15	25	0	0	0	"H"	19.436170212766	22.5957446808511	16.7446808510638	2.3716030044015	5.85106382978723	"0"	0	-1.0359831832334	-0.831414332196574	-0.654636253008874	-0.59331977671697	-0.639707341928494	2.01415660464207	2	0	1	0	0	0	0	1	2	2	0	1	0	0	0	0	1	2	2	1	211	241
"3"	"H_15_007"	"Högsjön"	31	60	1	0	0	"H"	16.8872340425532	18.1170212765957	15.2872340425532	1.17054252991021	2.82978723404255	"0"	0	1.45264972697358	2.1283393785081	1.29056861307464	-0.59331977671697	-0.639707341928494	0.139397164007622	3	3	0	0	0	0	0	3	1	1	1	0	1	1	0	0	3	2.666666667	4	3	211	241
"4"	"H_15_008"	"Högsjön"	12.7	17.5	0	6	0	"H"	19.663829787234	22.0531914893617	17.5106382978723	2.00140105279221	4.54255319148936	"0"	0	-1.39372416407565	-1.46564727020472	-0.654636253008874	0.604840549080406	-0.639707341928494	2.18160172997419	4	0	1	0	0	0	0	1	2	2	0	0	0	0	0	1	1	6	6	1	211	241
"5"	"H_15_009"	"Högsjön"	9	17.5	0	2	0	"H"	19.0276595744681	21.1489361702128	17.1063829787234	1.7634729460507	4.04255319148936	"0"	0	-1.96922052456102	-1.46564727020472	-0.654636253008874	-0.193933001451178	-0.639707341928494	1.71369432367227	5	1	0	0	0	0	0	1	1	1	0	1	0	0	0	0	1	2	2	1	211	241
"6"	"H_15_010"	"Högsjön"	20	17.5	1	2	0	"H"	18.263829787234	19.2340425531915	16.9042553191489	0.955878403796163	2.32978723404255	"0"	0	-0.258285398793718	-1.46564727020472	1.29056861307464	-0.193933001451178	-0.639707341928494	1.15189245456729	6	0	1	0	0	0	0	1	2	2	0	0	0	0	0	1	1	6	6	1	211	241
"7"	"H_15_012"	"Högsjön"	25	40	0	0	0	"H"	17.6148936170213	19.936170212766	15.6489361702128	1.79370974713532	4.28723404255319	"0"	0	0.519412385645964	0.437051543819715	-0.654636253008874	-0.59331977671697	-0.639707341928494	0.674595601985067	7	1	0	0	0	0	0	1	1	1	0	0	0	0	1	0	1	5	5	1	211	241
"8"	"H_15_013"	"Högsjön"	40	60	0	0	16	"H"	17.0553191489362	18.5106382978723	15.7872340425532	1.18841616175431	2.72340425531915	"1"	2.83321334405622	2.85250573896501	2.1283393785081	-0.654636253008874	-0.59331977671697	1.46399427263478	0.263024873364984	8	0	2	0	0	0	0	2	2	2	0	0	0	0	1	1	2	5.5	6	2	211	241
"9"	"H_15_014"	"Högsjön"	46	45	1	17	0	"H"	17.1957446808511	18.436170212766	15.9148936170213	1.01390489496372	2.52127659574468	"0"	0	3.78574308029263	0.859873502491812	1.29056861307464	2.80146781304226	-0.639707341928494	0.366308782448351	9	0	7	1	0	0	0	8	2.125	3	0	0	0	0	2	6	8	5.75	6	8	211	241
"10"	"H_15_015"	"Högsjön"	30	27.5	1	0	15	"H"	17.1404255319149	18.9893617021277	15.5851063829787	1.37545162043335	3.40425531914894	"1"	2.77258872223978	1.29711017008565	-0.620003352860526	1.29056861307464	-0.59331977671697	1.33251292172457	0.325621181900357	10	1	1	0	0	0	0	2	1.5	2	1	0	0	0	0	1	2	3.5	6	2	211	241
"11"	"H_15_016"	"Högsjön"	22	27.5	1	0	1	"H"	17.7212765957447	19.2446808510638	16.1702127659574	1.29005994475856	3.07446808510638	"1"	0.693147180559945	0.0527937149821552	-0.620003352860526	1.29056861307464	-0.59331977671697	-0.50822599101829	0.752840987654283	11	2	1	0	0	0	0	3	1.333333333	2	1	0	0	0	1	1	3	4	6	3	211	241
"12"	"H_15_017"	"Högsjön"	33	27.5	0	7	1	"H"	18.0829787234043	19.7446808510638	16.5744680851064	1.38978380087633	3.17021276595745	"1"	0.693147180559945	1.76372884074946	-0.620003352860526	-0.654636253008874	0.804533936713302	-0.50822599101829	1.01887529892962	12	3	5	0	0	0	0	8	1.625	2	0	0	0	0	4	1	5	5.2	6	8	211	241
"13"	"H_15_018"	"Högsjön"	18	27.5	0	1	4	"H"	17.8468085106383	19.7446808510638	16.2446808510638	1.50567541368856	3.5	"1"	1.6094379124341	-0.56936451256959	-0.620003352860526	-0.654636253008874	-0.393626389084074	-0.113781938287677	0.84517054274396	13	2	1	0	0	0	0	3	1.333333333	2	2	0	0	0	1	0	3	2.333333333	5	5	211	241
"14"	"H_15_020"	"Högsjön"	12	25	1	0	0	"H"	19.331914893617	22.0106382978723	16.2978723404255	2.30568430598309	5.71276595744681	"0"	0	-1.50260185389721	-0.831414332196574	1.29056861307464	-0.59331977671697	-0.639707341928494	1.93747612668623	14	0	1	0	0	0	0	1	2	2	0	0	0	0	0	1	1	6	6	1	211	241
"15"	"H_15_022"	"Högsjön"	22	30	0	0	2	"H"	17.2404255319149	18.5531914893617	15.968085106383	1.10274538691443	2.58510638297872	"1"	1.09861228866811	0.0527937149821552	-0.408592373524478	-0.654636253008874	-0.59331977671697	-0.376744640108086	0.399171844429423	15	1	1	0	0	0	0	2	1.5	2	0	0	0	0	1	1	2	5.5	6	2	211	241
"16"	"H_15_023"	"Högsjön"	26.5	40	0	0	3	"H"	16.9510638297872	18.0531914893617	15.8617021276596	0.933277581247992	2.19148936170213	"1"	1.38629436111989	0.752721720977869	0.437051543819715	-0.654636253008874	-0.59331977671697	-0.245263289197881	0.186344395409151	16	3	0	0	0	0	0	3	1	1	2	0	0	0	1	0	3	2.333333333	5	3	211	241
"17"	"H_15_025"	"Högsjön"	14.5	25	0	0	0	"H"	18.2127659574468	20.1382978723404	16.6595744680851	1.51789318160215	3.47872340425532	"0"	0	-1.11375296167737	-0.831414332196574	-0.654636253008874	-0.59331977671697	-0.639707341928494	1.11433466944607	17	0	1	0	0	0	0	1	2	2	0	0	0	0	1	0	1	5	5	1	211	241
"18"	"H_15_026"	"Högsjön"	27	50	0	0	5	"H"	16.9297872340426	18.1170212765957	15.7127659574468	0.928525610728931	2.40425531914894	"1"	1.79175946922805	0.830491499421837	1.28269546116391	-0.654636253008874	-0.59331977671697	0.0176994126225276	0.170695318275308	18	1	1	0	0	0	0	2	1.5	2	0	0	1	0	1	0	2	4	5	2	211	241
"19"	"H_15_030"	"Högsjön"	23	40	1	0	15	"H"	17.5404255319149	18.9255319148936	16.1382978723404	1.19813499831354	2.78723404255319	"1"	2.77258872223978	0.208333271870092	0.437051543819715	1.29056861307464	-0.59331977671697	1.33251292172457	0.619823832016616	20	1	1	0	0	0	0	2	1.5	2	1	0	0	0	0	1	2	3.5	6	2	211	241
"20"	"H_15_032"	"Högsjön"	24	35	1	1	11	"H"	17.7255319148936	19.2446808510638	16.1702127659574	1.32234789753725	3.07446808510638	"1"	2.484906649788	0.363872828758028	0.0142295851476189	1.29056861307464	-0.393626389084074	0.806587518083754	0.755970803081054	21	1	1	0	0	0	0	2	1.5	2	0	0	0	1	0	1	2	5	6	2	211	241
"21"	"H_15_033"	"Högsjön"	19	35	0	0	18	"H"	17.4893617021277	18.8510638297872	16	1.21112148049639	2.85106382978723	"1"	2.94443897916644	-0.413824955681654	0.0142295851476189	-0.654636253008874	-0.59331977671697	1.72695697445518	0.58226604689539	22	1	1	0	0	0	0	2	1.5	2	1	0	0	0	1	0	2	3	5	2	211	241
"22"	"H_15_035"	"Högsjön"	22	22.5	1	1	8	"H"	17.2723404255319	18.4042553191489	16.0744680851064	0.98417124396165	2.32978723404255	"1"	2.19722457733622	0.0527937149821552	-1.04282531153262	1.29056861307464	-0.393626389084074	0.412143465353141	0.422645460130187	23	1	1	0	0	0	0	2	1.5	2	0	0	0	0	1	1	2	5.5	6	2	211	241
"23"	"H_15_037"	"Högsjön"	16.5	20	1	0	0	"H"	17.4297872340426	18.5531914893617	15.9787234042553	1.00958801400795	2.57446808510638	"0"	0	-0.802673847901495	-1.25423629086867	1.29056861307464	-0.59331977671697	-0.639707341928494	0.538448630920629	24	2	0	0	0	0	0	2	1	1	0	0	1	0	0	1	2	4.5	6	2	211	241
"24"	"H_15_038"	"Högsjön"	19	50	1	0	6	"H"	17.0765957446809	18.6170212765957	15.7872340425532	1.19474206195208	2.82978723404255	"1"	1.94591014905531	-0.413824955681654	1.28269546116391	1.29056861307464	-0.59331977671697	0.149180763532732	0.278673950498828	25	0	1	0	0	0	0	1	2	2	0	0	0	0	0	1	1	6	6	1	211	241
"25"	"H_15_039"	"Högsjön"	15	15	2	0	0	"H"	19.5255319148936	21.6595744680851	16.6489361702128	1.94557363505364	5.01063829787234	"0"	0	-1.0359831832334	-1.67705824954077	3.23577347915815	-0.59331977671697	-0.639707341928494	2.07988272860421	26	2	1	0	0	0	0	3	1.333333333	2	0	0	1	0	1	0	2	4	5	3	211	241
"26"	"H_15_041"	"Högsjön"	18	10	2	0	0	"H"	19.6765957446809	22.4893617021277	17.063829787234	2.39730136980975	5.42553191489362	"0"	0	-0.56936451256959	-2.09988020821286	3.23577347915815	-0.59331977671697	-0.639707341928494	2.1909911762545	27	2	1	0	0	0	0	3	1.333333333	2	2	0	0	0	0	1	3	2.666666667	6	3	211	241
"27"	"H_15_043"	"Högsjön"	21.5	45	1	0	2	"H"	17.4063829787234	18.6170212765957	16.2127659574468	1.0362708088926	2.40425531914894	"1"	1.09861228866811	-0.024976063461813	0.859873502491812	1.29056861307464	-0.59331977671697	-0.376744640108086	0.5212346460734	28	3	0	0	0	0	0	3	1	1	0	0	2	1	0	0	3	3.333333333	4	3	211	241
"28"	"H_15_046"	"Högsjön"	12	20	1	0	0	"H"	18.4382978723404	20.6170212765957	16.4042553191489	1.79859558618642	4.21276595744681	"0"	0	-1.50260185389721	-1.25423629086867	1.29056861307464	-0.59331977671697	-0.639707341928494	1.28021488706481	29	1	0	0	0	0	0	1	1	1	0	0	0	0	1	0	1	5	5	1	211	241
"29"	"H_15_047"	"Högsjön"	10	15	0	0	1	"H"	17.836170212766	19.2978723404255	16.1170212765957	1.37678049922411	3.18085106382979	"1"	0.693147180559945	-1.81368096767308	-1.67705824954077	-0.654636253008874	-0.59331977671697	-0.50822599101829	0.837346004177038	30	1	0	0	0	0	0	1	1	1	0	1	0	0	0	0	1	2	2	1	211	241
"30"	"H_15_048"	"Högsjön"	23	35	0	0	0	"H"	17.863829787234	20.1063829787234	16	1.77567185539043	4.1063829787234	"0"	0	0.208333271870092	0.0142295851476189	-0.654636253008874	-0.59331977671697	-0.639707341928494	0.857689804451035	31	0	1	0	0	0	0	1	2	2	0	0	0	0	0	1	1	6	6	1	211	241
"31"	"H_15_049"	"Högsjön"	25.5	40	1	0	2	"H"	17.6851063829787	19.6808510638298	15.9893617021277	1.56675347837463	3.69148936170213	"1"	1.09861228866811	0.597182164089933	0.437051543819715	1.29056861307464	-0.59331977671697	-0.376744640108086	0.72623755652675	32	2	1	0	0	0	0	3	1.333333333	2	0	0	0	1	1	0	2	4.5	5	3	211	241
"32"	"H_15_053"	"Högsjön"	24	60	0	0	4	"H"	17.563829787234	18.9468085106383	16.063829787234	1.1851789326042	2.88297872340426	"1"	1.6094379124341	0.363872828758028	2.1283393785081	-0.654636253008874	-0.59331977671697	-0.113781938287677	0.637037816863842	33	0	1	0	0	0	0	1	2	2	0	0	0	0	0	1	1	6	6	1	211	241
"33"	"H_15_056"	"Högsjön"	13	12.5	1	0	0	"H"	17.7042553191489	19.7234042553191	16.0212765957447	1.51870421190562	3.70212765957447	"0"	0	-1.34706229700927	-1.88846922887681	1.29056861307464	-0.59331977671697	-0.639707341928494	0.740321725947208	34	1	1	0	0	0	0	2	1.5	2	0	0	0	0	1	0	1	5	5	2	211	241
"34"	"H_15_057"	"Högsjön"	12.5	25	0	1	0	"H"	18.3872340425532	22.7553191489362	15.4255319148936	3.03324188996111	7.32978723404255	"0"	0	-1.42483207545324	-0.831414332196574	-0.654636253008874	-0.393626389084074	-0.639707341928494	1.24265710194358	35	1	1	0	0	0	0	2	1.5	2	0	0	0	0	1	0	1	5	5	2	211	241
"35"	"H_15_058"	"Högsjön"	14	25	0	0	0	"H"	17.7510638297872	19.9148936170213	15.7765957446809	1.71688638851155	4.13829787234043	"0"	0	-1.19152274012134	-0.831414332196574	-0.654636253008874	-0.59331977671697	-0.639707341928494	0.774749695641665	36	1	1	0	0	0	0	2	1.5	2	1	1	0	0	0	0	2	1.5	2	2	211	241
"36"	"H_15_059"	"Högsjön"	15	40	0	2	0	"H"	17.4914893617021	18.8829787234043	15.968085106383	1.27501443442197	2.91489361702128	"0"	0	-1.0359831832334	0.437051543819715	-0.654636253008874	-0.193933001451178	-0.639707341928494	0.583830954608776	37	1	0	0	0	0	0	1	1	1	0	0	1	0	0	0	1	3	3	1	211	241
"37"	"H_15_060"	"Högsjön"	19	40	1	0	0	"H"	17.5872340425532	19.9787234042553	15.5957446808511	1.73101540867429	4.38297872340426	"0"	0	-0.413824955681654	0.437051543819715	1.29056861307464	-0.59331977671697	-0.639707341928494	0.65425180171107	38	0	1	0	0	0	0	1	2	2	0	0	0	0	1	0	1	5	5	1	211	241
"38"	"H_15_065"	"Högsjön"	13	40	0	0	0	"H"	17.7553191489362	20.1276595744681	15.8085106382979	1.78485089564653	4.31914893617021	"0"	0	-1.34706229700927	0.437051543819715	-0.654636253008874	-0.59331977671697	-0.639707341928494	0.777879511068433	39	2	0	0	0	0	0	2	1	1	1	0	0	1	0	0	2	2.5	4	2	211	241
"39"	"H_15_067"	"Högsjön"	22.5	27.5	1	3	0	"H"	16.036170212766	18.1489361702128	13.2659574468085	1.93485430557191	4.88297872340426	"0"	0	0.130563493426123	-0.620003352860526	1.29056861307464	0.00576038618171813	-0.639707341928494	-0.486565921346118	40	1	2	0	0	0	0	3	1.666666667	2	0	0	0	1	0	1	2	5	6	3	211	241
"40"	"H_15_068"	"Högsjön"	20	40	0	0	0	"H"	16.4148936170213	17.436170212766	15.2765957446809	0.919111701067359	2.15957446808511	"0"	0	-0.258285398793718	0.437051543819715	-0.654636253008874	-0.59331977671697	-0.639707341928494	-0.208012348363703	41	2	1	0	0	0	0	3	1.333333333	2	1	0	0	0	1	0	2	3	5	3	211	241
"41"	"H_15_069"	"Högsjön"	22	25	0	9	0	"H"	17.2148936170213	19	15.4468085106383	1.54613154206837	3.5531914893617	"0"	0	0.0527937149821552	-0.831414332196574	-0.654636253008874	1.20392071197909	-0.639707341928494	0.380392951868809	42	2	1	0	0	0	0	3	1.333333333	2	0	0	2	0	0	1	3	4	6	3	211	241
"42"	"H_15_070"	"Högsjön"	25	40	0	6	0	"H"	16.1531914893617	17.0212765957447	15.1489361702128	0.782960933495567	1.87234042553191	"0"	0	0.519412385645964	0.437051543819715	-0.654636253008874	0.604840549080406	-0.639707341928494	-0.400495997109977	43	1	1	0	0	0	0	2	1.5	2	1	0	0	0	0	1	2	3.5	6	2	211	241
"43"	"H_15_071"	"Högsjön"	21	40	0	0	0	"H"	16.7893617021277	18.4468085106383	15.3723404255319	1.24444055139802	3.07446808510638	"0"	0	-0.102745841905781	0.437051543819715	-0.654636253008874	-0.59331977671697	-0.639707341928494	0.0674114091919416	44	1	1	0	0	0	0	2	1.5	2	0	0	0	1	1	0	2	4.5	5	2	211	241
"44"	"H_15_073"	"Högsjön"	28	45	1	3	0	"H"	16.3212765957447	17.3936170212766	15.1595744680851	0.909538101667455	2.23404255319149	"0"	0	0.986031056309774	0.859873502491812	1.29056861307464	0.00576038618171813	-0.639707341928494	-0.276868287752614	45	0	1	0	0	0	0	1	2	2	0	0	0	0	0	1	1	6	6	1	211	241
"45"	"H_15_074"	"Högsjön"	23	60	1	0	0	"H"	15.7489361702128	16.8085106382979	14.531914893617	0.94014318332637	2.27659574468085	"0"	0	0.208333271870092	2.1283393785081	1.29056861307464	-0.59331977671697	-0.639707341928494	-0.697828462653004	46	2	0	0	0	0	0	2	1	1	0	1	0	1	0	0	2	3	4	2	211	241
"46"	"H_15_075"	"Högsjön"	19.5	17.5	0	0	0	"H"	16.5106382978723	17.6063829787234	15.3085106382979	0.946868846632826	2.29787234042553	"0"	0	-0.336055177237686	-1.46564727020472	-0.654636253008874	-0.59331977671697	-0.639707341928494	-0.137591501261408	47	3	0	0	0	0	0	3	1	1	0	0	2	1	0	0	3	3.333333333	4	3	211	241
"47"	"H_15_076"	"Högsjön"	23.5	30	1	9	15	"H"	17.0255319148936	18.3085106382979	15.7340425531915	1.05977596806456	2.57446808510638	"1"	2.77258872223978	0.28610305031406	-0.408592373524478	1.29056861307464	1.20392071197909	1.33251292172457	0.241116165377602	48	2	1	0	0	0	0	3	1.333333333	2	0	0	0	1	0	1	2	5	6	3	211	241
"48"	"H_15_078"	"Högsjön"	19	32.5	0	0	0	"H"	17.431914893617	20.0212765957447	15.6595744680851	1.81024547220056	4.36170212765957	"0"	0	-0.413824955681654	-0.197181394188429	-0.654636253008874	-0.59331977671697	-0.639707341928494	0.540013538634014	49	0	1	0	0	0	0	1	2	2	0	0	1	0	0	0	1	3	3	1	211	241
"49"	"H_15_079"	"Högsjön"	25	32.5	0	0	0	"H"	17.4276595744681	18.7446808510638	16.0744680851064	1.11874736107993	2.67021276595745	"0"	0	0.519412385645964	-0.197181394188429	-0.654636253008874	-0.59331977671697	-0.639707341928494	0.536883723207243	50	0	1	0	0	0	0	1	2	2	0	0	0	0	0	1	1	6	6	1	211	241
"50"	"H_15_080"	"Högsjön"	25	47.5	0	0	0	"H"	16.5085106382979	17.1170212765957	15.7340425531915	0.590089710523467	1.38297872340426	"0"	0	0.519412385645964	1.07128448182786	-0.654636253008874	-0.59331977671697	-0.639707341928494	-0.139156408974794	51	2	1	0	0	0	0	3	1.333333333	2	2	0	0	0	1	0	3	2.333333333	5	3	211	241
"51"	"H_15_083"	"Högsjön"	14	40	0	0	0	"H"	16.4787234042553	17.3936170212766	15.2659574468085	0.923206697600611	2.12765957446809	"0"	0	-1.19152274012134	0.437051543819715	-0.654636253008874	-0.59331977671697	-0.639707341928494	-0.161065116962173	52	0	1	0	0	0	0	1	2	2	0	0	0	0	1	0	1	5	5	1	211	241
"52"	"H_15_086"	"Högsjön"	20.5	37.5	0	2	3	"H"	15.1382978723404	15.7872340425532	14.3085106382979	0.638544197884827	1.47872340425532	"1"	1.38629436111989	-0.180515620349749	0.225640564483667	-0.654636253008874	-0.193933001451178	-0.245263289197881	-1.14695697639431	53	1	1	0	0	0	0	2	1.5	2	0	0	1	0	1	0	2	4	5	2	211	241
"53"	"H_15_087"	"Högsjön"	31	32.5	1	0	0	"H"	16.3510638297872	17.4042553191489	15.2234042553191	0.865380689642019	2.18085106382979	"0"	0	1.45264972697358	-0.197181394188429	1.29056861307464	-0.59331977671697	-0.639707341928494	-0.254959579765235	54	2	1	0	0	0	0	3	1.333333333	2	0	0	0	1	1	0	2	4.5	5	3	211	241
"54"	"H_15_092"	"Högsjön"	23	35	0	0	15	"H"	15.6978723404255	16.531914893617	14.6702127659574	0.771039119408524	1.86170212765957	"1"	2.77258872223978	0.208333271870092	0.0142295851476189	-0.654636253008874	-0.59331977671697	1.33251292172457	-0.735386247774228	55	1	1	0	0	0	0	2	1.5	2	1	0	0	0	1	0	2	3	5	2	211	241
"55"	"H_15_095"	"Högsjön"	22	40	1	0	8	"H"	14.8659574468085	15.6170212765957	13.7765957446809	0.769748430540525	1.84042553191489	"1"	2.19722457733622	0.0527937149821552	0.437051543819715	1.29056861307464	-0.59331977671697	0.412143465353141	-1.34726516370751	56	3	0	0	0	0	0	3	1	1	1	1	1	0	0	0	3	2	3	3	211	241
"56"	"H_15_096"	"Högsjön"	19	35	0	2	22	"H"	16.3787234042553	18.468085106383	14.6382978723404	1.54262267343448	3.82978723404255	"1"	3.13549421592915	-0.413824955681654	0.0142295851476189	-0.654636253008874	-0.193933001451178	2.252882378096	-0.234615779491238	57	3	1	0	0	0	0	4	1.25	2	0	0	2	0	0	1	3	4	6	4	211	241
"57"	"H_15_097"	"Högsjön"	24	35	0	10	1	"H"	16.0531914893617	17.6595744680851	14.5425531914894	1.26773560850721	3.11702127659574	"1"	0.693147180559945	0.363872828758028	0.0142295851476189	-0.654636253008874	1.40361409961199	-0.50822599101829	-0.474046659639043	58	5	1	0	0	0	0	6	1.166666667	2	1	0	2	0	0	0	3	2.333333333	3	6	211	241
"58"	"H_15_098"	"Högsjön"	19	25	0	11	4	"H"	15.4297872340426	16.436170212766	14.3617021276596	0.830678792378411	2.07446808510638	"1"	1.6094379124341	-0.413824955681654	-0.831414332196574	-0.654636253008874	1.60330748724489	-0.113781938287677	-0.932564619660655	59	2	1	0	0	0	0	3	1.333333333	2	0	0	2	1	0	0	3	3.333333333	4	3	211	241
"59"	"H_15_099"	"Högsjön"	24	50	0	0	4	"H"	14.5531914893617	15.063829787234	13.7872340425532	0.519971824031932	1.27659574468085	"1"	1.6094379124341	0.363872828758028	1.28269546116391	-0.654636253008874	-0.59331977671697	-0.113781938287677	-1.57730659757501	60	1	1	0	0	0	0	2	1.5	2	0	0	1	0	1	0	2	4	5	2	211	241
"60"	"H_15_101"	"Högsjön"	35	45	0	1	6	"H"	14.7617021276596	15.531914893617	13.5744680851064	0.801952236645089	1.95744680851064	"1"	1.94591014905531	2.07480795452533	0.859873502491812	-0.654636253008874	-0.393626389084074	0.149180763532732	-1.42394564166334	62	5	0	0	0	0	0	5	1	1	0	0	3	1	0	0	4	3.25	4	5	211	241
"61"	"H_15_102"	"Högsjön"	24	30	0	9	3	"H"	14.9829787234043	15.7872340425532	14.0744680851064	0.709498416856883	1.71276595744681	"1"	1.38629436111989	0.363872828758028	-0.408592373524478	-0.654636253008874	1.20392071197909	-0.245263289197881	-1.26119523947137	63	3	1	0	0	0	0	4	1.25	2	1	0	0	1	0	0	2	2.5	4	4	211	241
"62"	"H_15_103"	"Högsjön"	20	35	0	4	0	"H"	14.7425531914894	15.531914893617	13.9148936170213	0.668120096718758	1.61702127659574	"0"	0	-0.258285398793718	0.0142295851476189	-0.654636253008874	0.205453773814614	-0.639707341928494	-1.4380298110838	64	3	0	0	0	0	0	3	1	1	0	1	0	0	0	0	1	2	2	3	211	241
"63"	"H_15_104"	"Högsjön"	23	30	0	4	1	"H"	15.3382978723404	16.2978723404255	14.3191489361702	0.812357653368267	1.97872340425532	"1"	0.693147180559945	0.208333271870092	-0.408592373524478	-0.654636253008874	0.205453773814614	-0.50822599101829	-0.999855651336181	65	4	1	0	0	0	0	5	1.2	2	0	0	1	2	0	1	4	4.25	6	5	211	241
"64"	"H_15_105"	"Högsjön"	18	30	0	12	1	"H"	15.2021276595745	16.6063829787234	14.0957446808511	1.00588057302905	2.51063829787234	"1"	0.693147180559945	-0.56936451256959	-0.408592373524478	-0.654636253008874	1.80300087487778	-0.50822599101829	-1.10000974499278	66	1	1	0	0	0	0	2	1.5	2	0	0	0	0	1	1	2	5.5	6	2	211	241
"65"	"H_15_106"	"Högsjön"	27	40	1	2	1	"H"	15.1382978723404	16.1276595744681	14.2127659574468	0.786931758323885	1.91489361702128	"1"	0.693147180559945	0.830491499421837	0.437051543819715	1.29056861307464	-0.193933001451178	-0.50822599101829	-1.14695697639431	67	3	0	0	0	0	0	3	1	1	0	0	0	1	1	0	2	4.5	5	3	211	241
"66"	"H_15_107"	"Högsjön"	32	40	0	14	1	"H"	14.9	15.7659574468085	14.0106382978723	0.711368300414105	1.75531914893617	"1"	0.693147180559945	1.60818928386152	0.437051543819715	-0.654636253008874	2.20238765014357	-0.50822599101829	-1.32222664029336	68	4	1	0	0	0	0	5	1.2	2	2	0	1	1	0	1	5	3	6	5	211	241
"67"	"H_15_108"	"Högsjön"	28	40	0	6	2	"H"	15.4595744680851	16.6595744680851	14.3085106382979	0.946663792253331	2.35106382978723	"1"	1.09861228866811	0.986031056309774	0.437051543819715	-0.654636253008874	0.604840549080406	-0.376744640108086	-0.910655911673274	69	3	0	0	0	0	0	3	1	1	1	0	1	0	0	1	3	3.333333333	6	3	211	241
"68"	"H_15_109"	"Högsjön"	31	40	0	6	1	"H"	15.4276595744681	16.7659574468085	14.3404255319149	0.962480471293382	2.42553191489362	"1"	0.693147180559945	1.45264972697358	0.437051543819715	-0.654636253008874	0.604840549080406	-0.50822599101829	-0.934129527374039	70	2	1	0	0	0	0	3	1.333333333	2	0	1	1	1	0	0	3	3	4	3	211	241
"69"	"H_15_110"	"Högsjön"	32	40	0	14	1	"H"	14.8595744680851	16.0425531914894	13.8829787234043	0.87680347343007	2.15957446808511	"1"	0.693147180559945	1.60818928386152	0.437051543819715	-0.654636253008874	2.20238765014357	-0.50822599101829	-1.35195988684766	71	3	1	0	0	0	0	4	1.25	2	0	0	1	2	0	1	4	4.25	6	4	211	241
"70"	"H_15_111"	"Högsjön"	27	50	0	0	2	"H"	14.0978723404255	14.5851063829787	13.3404255319149	0.527021457602354	1.24468085106383	"1"	1.09861228866811	0.830491499421837	1.28269546116391	-0.654636253008874	-0.59331977671697	-0.376744640108086	-1.91219684823925	72	2	0	0	0	0	0	2	1	1	0	0	0	1	0	0	1	4	4	2	211	241
"71"	"H_15_113"	"Högsjön"	26.5	50	1	0	12	"H"	15.6021276595745	16.7446808510638	14.5851063829787	0.884638693677234	2.15957446808511	"1"	2.56494935746154	0.752721720977869	1.28269546116391	1.29056861307464	-0.59331977671697	0.938068868993958	-0.805807094876524	73	2	1	0	0	0	0	3	1.333333333	2	0	0	2	0	1	0	3	3.666666667	5	3	211	241
"72"	"H_15_117"	"Högsjön"	30	50	0	29	20	"H"	14.7297872340426	15.6595744680851	13.7127659574468	0.787783676057529	1.9468085106383	"1"	3.04452243772342	1.29711017008565	1.28269546116391	-0.654636253008874	5.19778846463701	1.98991967627559	-1.4474192573641	74	1	3	0	0	0	0	4	1.75	2	0	0	0	0	0	3	3	6	6	4	211	241
"73"	"H_15_118"	"Högsjön"	17	40	0	14	20	"H"	15.7276595744681	17.3723404255319	14.2872340425532	1.25349382359467	3.08510638297872	"1"	3.04452243772342	-0.724904069457527	0.437051543819715	-0.654636253008874	2.20238765014357	1.98991967627559	-0.713477539786847	75	1	1	0	0	0	0	2	1.5	2	0	1	0	0	0	1	2	4	6	2	211	241
"74"	"H_15_119"	"Högsjön"	12.5	25	0	4	11	"H"	15.136170212766	15.7553191489362	14.2127659574468	0.631018664951048	1.54255319148936	"1"	2.484906649788	-1.42483207545324	-0.831414332196574	-0.654636253008874	0.205453773814614	0.806587518083754	-1.14852188410769	76	2	0	0	0	0	0	2	1	1	1	0	1	0	0	0	2	2	3	2	211	241
"75"	"H_15_120"	"Högsjön"	21	25	0	6	7	"H"	15.2340425531915	16.3723404255319	14.063829787234	0.952218025661838	2.30851063829787	"1"	2.07944154167984	-0.102745841905781	-0.831414332196574	-0.654636253008874	0.604840549080406	0.280662114442936	-1.07653612929201	77	3	0	0	0	0	0	3	1	1	0	0	2	0	0	1	3	4	6	3	211	241
"76"	"H_15_121"	"Högsjön"	20	25	0	14	7	"H"	15.5234042553191	17.1808510638298	14.3723404255319	1.12586171183856	2.80851063829787	"1"	2.07944154167984	-0.258285398793718	-0.831414332196574	-0.654636253008874	2.20238765014357	0.280662114442936	-0.863708680271744	78	1	2	0	0	0	0	3	1.666666667	2	1	0	2	0	0	0	3	2.333333333	3	3	211	241
"77"	"H_15_122"	"Högsjön"	14	37.5	0	0	1	"H"	15.8340425531915	17.4574468085106	14.6489361702128	1.11086703566864	2.80851063829787	"1"	0.693147180559945	-1.19152274012134	0.225640564483667	-0.654636253008874	-0.59331977671697	-0.50822599101829	-0.63523215411763	79	1	0	0	0	0	0	1	1	1	0	0	0	0	1	0	1	5	5	1	211	241
"78"	"H_15_123"	"Högsjön"	15	37.5	1	0	1	"H"	16.1063829787234	17.8617021276596	14.7978723404255	1.21131591776316	3.06382978723404	"1"	0.693147180559945	-1.0359831832334	0.225640564483667	1.29056861307464	-0.59331977671697	-0.50822599101829	-0.434923966804435	80	0	1	0	0	0	0	1	2	2	0	0	0	1	0	0	1	4	4	1	211	241
"79"	"H_15_124"	"Högsjön"	21	27.5	1	6	8	"H"	16.3106382978723	17.968085106383	14.6702127659574	1.3361367901692	3.29787234042553	"1"	2.19722457733622	-0.102745841905781	-0.620003352860526	1.29056861307464	0.604840549080406	0.412143465353141	-0.284692826319536	81	2	0	0	0	0	0	2	1	1	0	0	0	0	1	0	1	5	5	2	211	241
"80"	"H_15_125"	"Högsjön"	18	50	0	0	0	"H"	15.6127659574468	16.531914893617	14.531914893617	0.842468134385765	2	"0"	0	-0.56936451256959	1.28269546116391	-0.654636253008874	-0.59331977671697	-0.639707341928494	-0.797982556309601	82	1	0	0	0	0	0	1	1	1	0	0	1	0	0	0	1	3	3	1	211	241
"81"	"H_15_128"	"Högsjön"	25	30	0	13	4	"H"	15.5531914893617	16.6382978723404	14.3191489361702	0.916569696585597	2.31914893617021	"1"	1.6094379124341	0.519412385645964	-0.408592373524478	-0.654636253008874	2.00269426251068	-0.113781938287677	-0.841799972284364	84	1	2	0	0	0	0	3	1.666666667	2	0	0	1	0	0	1	2	4.5	6	3	211	241
"82"	"H_15_129"	"Högsjön"	26	30	0	13	2	"H"	16.168085106383	18.3723404255319	14.2978723404255	1.62932768384168	4.07446808510638	"1"	1.09861228866811	0.674951942533901	-0.408592373524478	-0.654636253008874	2.00269426251068	-0.376744640108086	-0.389541643116288	85	3	1	0	0	0	0	4	1.25	2	0	1	1	1	0	0	3	3	4	4	211	241
"83"	"H_15_132"	"Högsjön"	22	25	1	4	5	"H"	14.9574468085106	15.7021276595745	13.9042553191489	0.748389948359237	1.79787234042553	"1"	1.79175946922805	0.0527937149821552	-0.831414332196574	1.29056861307464	0.205453773814614	0.0176994126225276	-1.27997413203198	86	2	0	0	0	0	0	2	1	1	0	0	1	0	0	1	2	4.5	6	2	211	241
"84"	"H_15_133"	"Högsjön"	21	40	0	11	40	"H"	18.1936170212766	20.031914893617	16.3617021276596	1.51184474565865	3.67021276595745	"1"	3.71357206670431	-0.102745841905781	0.437051543819715	-0.654636253008874	1.60330748724489	4.61954669447968	1.10025050002561	87	3	0	0	0	0	0	3	1	1	0	1	1	0	0	0	2	2.5	3	3	211	241
"85"	"H_15_134"	"Högsjön"	18	17.5	0	1	1	"H"	16.3893617021277	18.3829787234043	14.8829787234043	1.3903271636936	3.5	"1"	0.693147180559945	-0.56936451256959	-1.46564727020472	-0.654636253008874	-0.393626389084074	-0.50822599101829	-0.226791240924317	88	1	1	0	0	0	0	2	1.5	2	1	0	0	0	0	1	2	3.5	6	2	211	241
"86"	"H_15_135"	"Högsjön"	23	30	0	2	15	"H"	16.3595744680851	18.3723404255319	14.7446808510638	1.437673543284	3.62765957446809	"1"	2.77258872223978	0.208333271870092	-0.408592373524478	-0.654636253008874	-0.193933001451178	1.33251292172457	-0.248699948911696	89	1	1	0	0	0	0	2	1.5	2	1	0	0	0	0	1	2	3.5	6	2	211	241
"87"	"H_15_137"	"Högsjön"	24	40	0	5	21	"H"	15.8063829787234	16.5744680851064	14.5957446808511	0.794730283591932	1.97872340425532	"1"	3.09104245335832	0.363872828758028	0.437051543819715	-0.654636253008874	0.40514716144751	2.1214010271858	-0.655575954391626	90	0	1	0	0	0	0	1	2	2	0	0	0	0	0	1	1	6	6	1	211	241
"88"	"H_15_138"	"Högsjön"	19	30	0	0	2	"H"	16.2425531914894	17.1914893617021	14.9148936170213	0.953709644394627	2.27659574468085	"1"	1.09861228866811	-0.413824955681654	-0.408592373524478	-0.654636253008874	-0.59331977671697	-0.376744640108086	-0.334769873147836	91	0	1	0	0	0	0	1	2	2	0	0	0	0	1	0	1	5	5	1	211	241
"89"	"H_15_139"	"Högsjön"	21.5	45	0	0	16	"H"	14.8255319148936	15.4468085106383	14.031914893617	0.593124639858433	1.41489361702128	"1"	2.83321334405622	-0.024976063461813	0.859873502491812	-0.654636253008874	-0.59331977671697	1.46399427263478	-1.37699841026181	92	3	1	0	0	0	0	4	1.25	2	0	2	1	1	0	0	4	2.75	4	4	211	241
"90"	"H_15_140"	"Högsjön"	23	40	0	2	7	"H"	15.5446808510638	16.5106382978723	14.6276595744681	0.758386782206722	1.88297872340426	"1"	2.07944154167984	0.208333271870092	0.437051543819715	-0.654636253008874	-0.193933001451178	0.280662114442936	-0.8480596031379	93	3	0	0	0	0	0	3	1	1	1	1	0	0	0	0	2	1.5	2	3	211	241
"91"	"H_15_141"	"Högsjön"	24	40	0	0	4	"H"	15.636170212766	16.6382978723404	14.7021276595745	0.800209271396398	1.93617021276596	"1"	1.6094379124341	0.363872828758028	0.437051543819715	-0.654636253008874	-0.59331977671697	-0.113781938287677	-0.780768571462373	94	4	0	0	0	0	0	4	1	1	1	1	0	0	0	0	2	1.5	2	4	211	241
"92"	"H_15_142"	"Högsjön"	34	45	0	2	2	"H"	15.2425531914894	16.0106382978723	14.0531914893617	0.800034672866964	1.95744680851064	"1"	1.09861228866811	1.91926839763739	0.859873502491812	-0.654636253008874	-0.193933001451178	-0.376744640108086	-1.07027649843848	95	3	0	0	0	0	0	3	1	1	0	0	2	0	0	1	3	4	6	3	211	241
"93"	"H_15_143"	"Högsjön"	15.5	35	0	9	6	"H"	15.2212765957447	15.8936170212766	14.2234042553191	0.692873161071677	1.67021276595745	"1"	1.94591014905531	-0.958213404789431	0.0142295851476189	-0.654636253008874	1.20392071197909	0.149180763532732	-1.08592557557232	96	0	1	0	0	0	0	1	2	2	0	0	0	1	0	0	1	4	4	1	211	241
"94"	"H_15_144"	"Högsjön"	17	25	0	0	15	"H"	15.3404255319149	16.2340425531915	14.5212765957447	0.694586485284256	1.71276595744681	"1"	2.77258872223978	-0.724904069457527	-0.831414332196574	-0.654636253008874	-0.59331977671697	1.33251292172457	-0.998290743622797	97	1	1	0	0	0	0	2	1.5	2	1	0	0	0	1	0	2	3	5	2	211	241
"95"	"H_15_145"	"Högsjön"	19	60	1	0	1	"H"	15.5765957446809	16.7340425531915	14.6914893617021	0.827131304200483	2.04255319148936	"1"	0.693147180559945	-0.413824955681654	2.1283393785081	1.29056861307464	-0.59331977671697	-0.50822599101829	-0.824585987437135	98	1	0	0	0	0	0	1	1	1	0	0	0	1	0	0	1	4	4	1	211	241
"96"	"H_15_148"	"Högsjön"	18	40	1	0	10	"H"	18.9085106382979	20.8936170212766	16.7127659574468	1.69020385596609	4.18085106382979	"1"	2.39789527279837	-0.56936451256959	0.437051543819715	1.29056861307464	-0.59331977671697	0.67510616717355	1.62605949172275	100	1	1	0	0	0	0	2	1.5	2	0	0	0	0	0	1	1	6	6	2	211	241
"97"	"H_15_152"	"Högsjön"	21	27.5	1	0	1	"H"	18.0063829787234	19.436170212766	16.3085106382979	1.25711969671738	3.12765957446809	"1"	0.693147180559945	-0.102745841905781	-0.620003352860526	1.29056861307464	-0.59331977671697	-0.50822599101829	0.962538621247786	102	0	1	0	0	0	0	1	2	2	0	0	0	0	0	1	1	6	6	1	211	241
"98"	"H_15_154"	"Högsjön"	19	40	1	0	11	"H"	15.7446808510638	16.6170212765957	14.436170212766	0.909911338760131	2.18085106382979	"1"	2.484906649788	-0.413824955681654	0.437051543819715	1.29056861307464	-0.59331977671697	0.806587518083754	-0.700958278079772	103	2	0	0	0	0	0	2	1	1	1	0	0	1	0	0	2	2.5	4	2	211	241
"99"	"H_15_155"	"Högsjön"	12.5	20	0	0	0	"H"	18.2553191489362	19.6382978723404	16.436170212766	1.34371076909908	3.20212765957447	"0"	0	-1.42483207545324	-1.25423629086867	-0.654636253008874	-0.59331977671697	-0.639707341928494	1.14563282371375	104	1	0	0	0	0	0	1	1	1	0	1	0	0	0	0	1	2	2	1	211	241
"100"	"R_15_001"	"Remmene"	18	31	0	0	1	"R"	16.3891304347826	19.3586956521739	13.6630434782609	2.2405513982696	5.69565217391304	"1"	0.693147180559945	-0.502091552983091	0.145410324418277	-0.394915807377567	-0.657283401905503	-0.263416510086965	0.47594916515381	105	1	0	0	0	0	0	1	1	1	1	0	0	0	0	0	1	1	1	2	211	240
"101"	"R_15_004"	"Remmene"	37	37.5	0	0	1	"R"	14.6391304347826	16.0652173913043	12.7934782608696	1.34292028548813	3.27173913043478	"1"	0.693147180559945	2.19891903023318	0.74369792185644	-0.394915807377567	-0.657283401905503	-0.263416510086965	-1.43561128885643	106	2	0	0	0	0	0	2	1	1	1	0	0	0	1	0	2	3	5	2	211	240
"102"	"R_15_005"	"Remmene"	24	27.5	0	7	3	"R"	16.4565217391304	19.1304347826087	13.9347826086957	2.07687204662952	5.19565217391304	"1"	1.38629436111989	0.350859157506257	-0.176744535740734	-0.394915807377567	0.437634265066196	0.347969957769201	0.549562052202651	107	1	1	0	0	0	0	2	1.5	2	1	0	0	0	1	0	2	3	5	2	211	240
"103"	"R_15_006"	"Remmene"	25	30	0	8	4	"R"	16.3695652173913	19.1304347826087	13.4347826086957	2.21893252380735	5.69565217391304	"1"	1.6094379124341	0.493017609254481	0.0533660786585595	-0.394915807377567	0.594051074633581	0.653663191697284	0.454577681817051	108	0	1	1	0	0	0	2	2.5	3	0	0	0	0	0	2	2	6	6	2	211	240
"104"	"R_15_007"	"Remmene"	20	15	0	0	3	"R"	15.0326086956522	16.195652173913	13.3695652173913	1.21275783372705	2.82608695652174	"1"	1.38629436111989	-0.217774649486642	-1.3272976077372	-0.394915807377567	-0.657283401905503	0.347969957769201	-1.00580701286158	109	1	0	0	0	0	0	1	1	1	1	0	0	0	0	0	1	1	1	1	211	240
"105"	"R_15_008"	"Remmene"	21	20	0	1	0	"R"	15.3478260869565	17.0652173913043	13.2065217391304	1.49498707310241	3.85869565217391	"0"	0	-0.0756161977384173	-0.867076378938615	-0.394915807377567	-0.500866592338117	-0.569109744015048	-0.661488670213772	110	1	0	0	0	0	0	1	1	1	1	0	0	0	0	0	1	1	1	1	211	240
"106"	"R_15_009"	"Remmene"	21	20	1	4	0	"R"	15.4108695652174	16.6413043478261	13.7391304347826	1.17127310108681	2.90217391304348	"0"	0	-0.0756161977384173	-0.867076378938615	1.92521456096564	-0.0316161636359609	-0.569109744015048	-0.59262500168421	111	0	1	0	0	0	0	1	2	2	0	0	0	0	0	1	1	6	6	1	211	240
"107"	"R_15_010"	"Remmene"	23	20	0	9	0	"R"	15.3586956521739	16.5978260869565	13.6413043478261	1.25894747991798	2.95652173913043	"0"	0	0.208700705758032	-0.867076378938615	-0.394915807377567	0.750467884200967	-0.569109744015048	-0.649615623915572	112	3	1	1	0	0	0	5	1.6	3	1	1	0	0	0	1	3	3	6	5	211	240
"108"	"R_15_011"	"Remmene"	25	30	0	0	3	"R"	14.254347826087	14.9130434782609	13.2934782608696	0.66986837837092	1.6195652173913	"1"	1.38629436111989	0.493017609254481	0.0533660786585595	-0.394915807377567	-0.657283401905503	0.347969957769201	-1.85591712781271	113	1	0	0	0	0	0	1	1	1	1	0	0	0	0	0	1	1	1	1	211	240
"109"	"R_15_012"	"Remmene"	25	30	0	0	2	"R"	14.3304347826087	15.1086956521739	13.2391304347826	0.758250539566979	1.8695652173913	"1"	1.09861228866811	0.493017609254481	0.0533660786585595	-0.394915807377567	-0.657283401905503	0.0422767238411179	-1.77280580372531	114	1	0	0	0	0	0	1	1	1	0	0	0	0	1	0	1	5	5	1	211	240
"110"	"R_15_013"	"Remmene"	28	30	0	1	1	"R"	14.8934782608696	15.945652173913	13.2717391304348	1.09802270830358	2.67391304347826	"1"	0.693147180559945	0.919492964499155	0.0533660786585595	-0.394915807377567	-0.500866592338117	-0.263416510086965	-1.15778200547854	115	2	0	0	0	0	0	2	1	1	0	1	1	0	0	0	2	2.5	3	2	211	240
"111"	"R_15_014"	"Remmene"	22	21	0	4	0	"R"	15.5869565217391	17.2826086956522	13.0217391304348	1.77037899583774	4.26086956521739	"0"	0	0.0665422540098073	-0.775032133178898	-0.394915807377567	-0.0316161636359609	-0.569109744015048	-0.400281651653366	116	1	1	0	0	0	0	2	1.5	2	1	0	0	0	0	1	2	3.5	6	2	211	240
"112"	"R_15_015"	"Remmene"	21	31	1	1	3	"R"	15.6934782608696	17.5760869565217	13.7173913043478	1.53374008709079	3.85869565217391	"1"	1.38629436111989	-0.0756161977384173	0.145410324418277	1.92521456096564	-0.500866592338117	0.347969957769201	-0.283925797931004	117	1	0	0	0	0	0	1	1	1	0	0	0	1	0	0	1	4	4	1	211	240
"113"	"R_15_016"	"Remmene"	24	22.5	1	0	0	"R"	14.8760869565217	15.9673913043478	13.2826086956522	1.08189069182827	2.68478260869565	"0"	0	0.350859157506257	-0.636965764539321	1.92521456096564	-0.657283401905503	-0.569109744015048	-1.17677887955566	118	1	0	0	0	0	0	1	1	1	0	0	1	0	0	0	1	3	3	1	211	240
"114"	"R_15_017"	"Remmene"	30	23.5	2	3	0	"R"	15.2217391304348	16.8804347826087	13.1847826086957	1.40851230513898	3.69565217391304	"0"	0	1.2038098679956	-0.544921518779604	4.24534492930884	-0.188032973203346	-0.569109744015048	-0.799216007272894	119	3	1	0	0	0	0	4	1.25	2	1	0	1	2	1	0	5	3.4	5	5	211	240
"115"	"R_15_018"	"Remmene"	27	30	0	1	1	"R"	15.2347826086957	16.75	13.0760869565217	1.45006740076165	3.67391304347826	"1"	0.693147180559945	0.777334512750931	0.0533660786585595	-0.394915807377567	-0.500866592338117	-0.263416510086965	-0.784968351715055	120	2	1	0	0	0	0	3	1.333333333	2	1	0	0	1	0	1	3	3.666666667	6	3	211	240
"116"	"R_15_019"	"Remmene"	32	12	0	11	1	"R"	16.554347826087	18.9673913043478	13.5	2.24531215759948	5.46739130434783	"1"	0.693147180559945	1.48812677149205	-1.60343034501635	-0.394915807377567	1.06330150333574	-0.263416510086965	0.656419468886455	121	0	1	3	0	0	0	4	2.75	3	0	0	0	0	1	3	4	5.75	6	9	211	240
"117"	"R_15_020"	"Remmene"	34	50	0	33	0	"R"	15.4195652173913	17.0760869565217	13.304347826087	1.51464709052154	3.77173913043478	"0"	0	1.7724436749885	1.89425099385291	-0.394915807377567	4.50447131381822	-0.569109744015048	-0.583126564645651	122	2	4	0	1	0	0	7	2	4	2	1	1	0	1	3	8	3.75	6	8	211	240
"118"	"R_15_021"	"Remmene"	24	35	0	0	4	"R"	16.0782608695652	18.1847826086957	13.6195652173913	1.92279359210821	4.56521739130435	"1"	1.6094379124341	0.350859157506257	0.513587307457147	-0.394915807377567	-0.657283401905503	0.653663191697284	0.136380041025283	123	1	0	0	0	0	0	1	1	1	0	0	0	1	0	0	1	4	4	1	211	240
"119"	"R_15_022"	"Remmene"	28	26	0	4	1	"R"	14.7978260869565	15.9565217391304	12.9347826086957	1.19772605048932	3.02173913043478	"1"	0.693147180559945	0.919492964499155	-0.31481090438031	-0.394915807377567	-0.0316161636359609	-0.263416510086965	-1.2622648129027	124	4	1	0	0	0	0	5	1.2	2	0	0	1	1	2	1	5	4.6	6	5	211	240
"120"	"R_15_023"	"Remmene"	34	32	0	13	15	"R"	14.7826086956522	16.2717391304348	13.1304347826087	1.27984210582431	3.14130434782609	"1"	2.77258872223978	1.7724436749885	0.237454570177994	-0.394915807377567	1.37613512247051	4.0162887649062	-1.27888707772018	125	4	1	0	0	0	0	5	1.2	2	0	0	0	0	1	4	5	5.8	6	5	211	240
"121"	"R_15_024"	"Remmene"	27	25	0	29	18	"R"	14.9195652173913	16.4239130434783	13.1739130434783	1.31807183488932	3.25	"1"	2.94443897916644	0.777334512750931	-0.406855150140028	-0.394915807377567	3.87880407554868	4.93336846669045	-1.12928669436286	126	3	6	1	0	0	0	10	1.8	3	0	0	2	0	3	5	10	5.1	6	10	211	240
"122"	"R_15_025"	"Remmene"	16	15	0	0	2	"R"	16.3	18.9021739130435	13.5108695652174	2.15282324902884	5.39130434782609	"1"	1.09861228866811	-0.786408456479541	-1.3272976077372	-0.394915807377567	-0.657283401905503	0.0422767238411179	0.37859018550857	127	1	0	0	0	0	0	1	1	1	1	0	0	0	0	0	1	1	1	1	211	240
"123"	"R_15_026"	"Remmene"	17	15	0	0	0	"R"	15.8869565217391	18.3152173913043	13.3369565217391	1.99662652043129	4.97826086956522	"0"	0	-0.644250004731316	-1.3272976077372	-0.394915807377567	-0.657283401905503	-0.569109744015048	-0.0725855738230407	128	2	0	0	0	0	0	2	1	1	1	0	0	0	0	0	1	1	1	2	211	240
"124"	"R_15_027"	"Remmene"	18	25	0	0	0	"R"	16.8826086956522	19.7282608695652	13.9673913043478	2.3156135664105	5.76086956521739	"0"	0	-0.502091552983091	-0.406855150140028	-0.394915807377567	-0.657283401905503	-0.569109744015048	1.0149854670921	129	1	0	0	0	0	0	1	1	1	1	0	0	0	0	0	1	1	1	1	211	240
"125"	"R_15_028"	"Remmene"	14	16	0	0	0	"R"	17.2978260869565	20.804347826087	13.7173913043478	2.87275923273546	7.08695652173913	"0"	0	-1.07072535997599	-1.23525336197748	-0.394915807377567	-0.657283401905503	-0.569109744015048	1.46853583568335	130	1	0	0	0	0	0	1	1	1	1	0	0	0	0	0	1	1	1	1	211	240
"126"	"R_15_029"	"Remmene"	13	20	0	0	0	"R"	17.0782608695652	20.3804347826087	13.7934782608696	2.59152743597823	6.58695652173913	"0"	0	-1.21288381172421	-0.867076378938615	-0.394915807377567	-0.657283401905503	-0.569109744015048	1.2287003004597	131	0	1	0	0	0	0	1	2	2	0	0	0	0	0	1	1	6	6	1	211	240
"127"	"R_15_030"	"Remmene"	18	21	0	6	0	"R"	16.6195652173913	19.0760869565217	13.8804347826087	2.02876117090046	5.19565217391304	"0"	0	-0.502091552983091	-0.775032133178898	-0.394915807377567	0.28121745549881	-0.569109744015048	0.727657746675656	132	2	1	0	0	0	0	3	1.333333333	2	2	0	0	0	0	1	3	2.666666667	6	3	211	240
"128"	"R_15_031"	"Remmene"	24	35	0	2	1	"R"	15.1152173913043	16.7282608695652	13.1086956521739	1.45430797182396	3.6195652173913	"1"	0.693147180559945	0.350859157506257	0.513587307457147	-0.394915807377567	-0.344449782770732	-0.263416510086965	-0.915571860995256	133	2	0	0	0	0	0	2	1	1	1	0	0	0	0	1	2	3.5	6	2	211	240
"129"	"R_15_032"	"Remmene"	21	30	0	4	0	"R"	16.3978260869565	19.804347826087	13.304347826087	2.61641024291526	6.5	"0"	0	-0.0756161977384173	0.0533660786585595	-0.394915807377567	-0.0316161636359609	-0.569109744015048	0.485447602192369	134	1	0	0	0	0	0	1	1	1	1	0	0	0	0	0	1	1	1	1	211	240
"130"	"R_15_033"	"Remmene"	18	26	0	6	0	"R"	16.3173913043478	19.0652173913043	13.4347826086957	2.32075476956889	5.6304347826087	"0"	0	-0.502091552983091	-0.31481090438031	-0.394915807377567	0.28121745549881	-0.569109744015048	0.397587059585689	135	1	0	1	0	0	0	2	2	3	1	0	0	0	0	1	2	3.5	6	2	211	240
"131"	"R_15_034"	"Remmene"	21	26	0	14	0	"R"	16.3434782608696	19.2608695652174	13.195652173913	2.39524450087636	6.06521739130435	"0"	0	-0.0756161977384173	-0.31481090438031	-0.394915807377567	1.53255193203789	-0.569109744015048	0.426082370701368	136	3	1	0	0	0	0	4	1.25	2	2	0	1	0	0	0	3	1.666666667	3	4	211	240
"132"	"R_15_035"	"Remmene"	21	32	0	2	7	"R"	16.6133333333333	20.2666666666667	12.9444444444444	2.89389821938591	7.32222222222222	"1"	2.07944154167984	-0.0756161977384173	0.237454570177994	-0.394915807377567	-0.344449782770732	1.57074289348153	0.720850533464687	137	3	0	0	0	0	0	3	1	1	2	0	0	0	0	1	3	2.666666667	6	3	211	240
"133"	"R_15_036"	"Remmene"	20	18	0	4	0	"R"	16.1888888888889	18.1444444444444	13.8111111111111	1.71721800278724	4.33333333333333	"0"	0	-0.217774649486642	-1.05116487045805	-0.394915807377567	-0.0316161636359609	-0.569109744015048	0.257221267793634	138	1	0	1	0	0	0	2	2	3	0	0	0	0	1	0	1	5	5	2	211	240
"134"	"R_15_037"	"Remmene"	10	20	0	0	6	"R"	17.0444444444444	19.1555555555556	14.6333333333333	1.93136923481642	4.52222222222222	"1"	1.94591014905531	-1.63935916696889	-0.867076378938615	-0.394915807377567	-0.657283401905503	1.26504965955345	1.19176193419864	139	1	0	0	0	0	0	1	1	1	1	0	0	0	0	0	1	1	1	1	211	240
"135"	"R_15_038"	"Remmene"	13	15	0	1	0	"R"	15.1377777777778	16.4444444444444	13.3111111111111	1.25614000220039	3.13333333333333	"0"	0	-1.21288381172421	-1.3272976077372	-0.394915807377567	-0.500866592338117	-0.569109744015048	-0.890928693789658	140	1	0	0	0	0	0	1	1	1	1	0	0	0	0	0	1	1	1	1	211	240
"136"	"R_15_039"	"Remmene"	18	15	0	6	0	"R"	16.0644444444444	17.7777777777778	14.1111111111111	1.49694366515981	3.66666666666667	"0"	0	-0.502091552983091	-1.3272976077372	-0.394915807377567	0.28121745549881	-0.569109744015048	0.121288079952904	141	1	0	1	0	0	0	2	2	3	1	0	0	0	1	0	2	3	5	2	211	240
"137"	"R_15_040"	"Remmene"	12	20	0	0	0	"R"	16.3377777777778	17.6222222222222	14.3666666666667	1.30827220195614	3.25555555555556	"0"	0	-1.35504226347244	-0.867076378938615	-0.394915807377567	-0.657283401905503	-0.569109744015048	0.419855617531646	142	1	0	0	0	0	0	1	1	1	1	0	0	0	0	0	1	1	1	1	211	240
"138"	"R_15_041"	"Remmene"	10	10.5	0	8	0	"R"	17.5755555555556	19.4	15.3777777777778	1.7205752280539	4.02222222222222	"0"	0	-1.63935916696889	-1.74149671365593	-0.394915807377567	0.594051074633581	-0.569109744015048	1.77190536087603	143	2	1	0	0	0	0	3	1.333333333	2	1	0	1	0	0	0	2	2	3	3	211	240
"139"	"R_15_042"	"Remmene"	9	10	0	1	0	"R"	16.8155555555556	18.3555555555556	14.3888888888889	1.63402377841504	3.96666666666667	"0"	0	-1.78151761871711	-1.78751883653579	-0.394915807377567	-0.500866592338117	-0.569109744015048	0.94174196370587	144	1	0	0	0	0	0	1	1	1	0	0	0	1	0	0	1	4	4	1	211	240
"140"	"R_15_043"	"Remmene"	13	15	0	9	1	"R"	16.7688888888889	18.7333333333333	13.7777777777778	2.06521246674636	4.95555555555556	"1"	0.693147180559945	-1.21288381172421	-1.3272976077372	-0.394915807377567	0.750467884200967	-0.263416510086965	0.890767018265597	145	3	0	0	0	0	0	3	1	1	2	1	0	0	0	0	3	1.333333333	2	3	211	240
"141"	"R_15_044"	"Remmene"	10	15	0	6	0	"R"	17.4511111111111	20.5333333333333	14.1	2.61614304539206	6.43333333333333	"0"	0	-1.63935916696889	-1.3272976077372	-0.394915807377567	0.28121745549881	-0.569109744015048	1.6359721730353	146	1	0	0	0	0	0	1	1	1	0	1	0	0	0	0	1	2	2	1	211	240
"142"	"R_15_045"	"Remmene"	10	10	0	0	0	"R"	15.7177777777778	17.1666666666667	13.4555555555556	1.50145456185577	3.71111111111111	"0"	0	-1.63935916696889	-1.78751883653579	-0.394915807377567	-0.657283401905503	-0.569109744015048	-0.257382943317694	147	1	0	0	0	0	0	1	1	1	0	0	0	1	0	0	1	4	4	1	211	240
"143"	"R_15_046"	"Remmene"	11	12	0	3	1	"R"	17.7066666666667	20.3555555555556	14.3	2.52464181384851	6.05555555555556	"1"	0.693147180559945	-1.49720071522066	-1.60343034501635	-0.394915807377567	-0.188032973203346	-0.263416510086965	1.91512068377965	148	1	0	0	0	0	0	1	1	1	0	0	0	0	1	0	1	5	5	1	211	240
"144"	"R_15_047"	"Remmene"	10	10	1	5	0	"R"	16.4377777777778	18.2	13.8666666666667	1.78379891284839	4.33333333333333	"0"	0	-1.63935916696889	-1.78751883653579	1.92521456096564	0.124800645931425	-0.569109744015048	0.52908764347509	149	3	0	0	0	0	0	3	1	1	1	0	1	0	0	0	2	2	3	3	211	240
"145"	"R_15_048"	"Remmene"	8	10	0	4	1	"R"	16.9777777777778	19.1444444444444	14.2777777777778	1.98792107406426	4.86666666666667	"1"	0.693147180559945	-1.92367607046534	-1.78751883653579	-0.394915807377567	-0.0316161636359609	-0.263416510086965	1.11894058356968	150	1	0	0	0	0	0	1	1	1	1	0	0	0	0	0	1	1	1	1	211	240
"146"	"R_15_049"	"Remmene"	25	26	0	0	2	"R"	15.0888888888889	16.2666666666667	13.6444444444444	1.05066181243058	2.62222222222222	"1"	1.09861228866811	0.493017609254481	-0.31481090438031	-0.394915807377567	-0.657283401905503	0.0422767238411179	-0.94433101758423	151	3	0	0	0	0	0	3	1	1	0	2	0	0	0	0	2	2	2	3	211	240
"147"	"R_15_050"	"Remmene"	19	14	0	11	2	"R"	16.6866666666667	18.5666666666667	13.8333333333333	1.9204679273452	4.73333333333333	"1"	1.09861228866811	-0.359933101234867	-1.41934185349692	-0.394915807377567	1.06330150333574	0.0422767238411179	0.800954019156546	152	2	0	0	0	0	0	2	1	1	1	1	0	0	0	0	2	1.5	2	2	211	240
"148"	"R_15_051"	"Remmene"	18	40	2	0	2	"R"	14.9644444444444	16.1222222222222	13.2666666666667	1.13410032027029	2.85555555555556	"1"	1.09861228866811	-0.502091552983091	0.973808536255734	4.24534492930884	-0.657283401905503	0.0422767238411179	-1.08026420542496	153	4	0	0	0	0	0	4	1	1	1	0	2	0	0	0	3	2.333333333	3	4	211	240
"149"	"R_15_052"	"Remmene"	16	27.5	0	0	0	"R"	16.4177777777778	18.9444444444444	13.2777777777778	2.37197062075595	5.66666666666667	"0"	0	-0.786408456479541	-0.176744535740734	-0.394915807377567	-0.657283401905503	-0.569109744015048	0.507241238286402	154	1	0	0	0	0	0	1	1	1	1	0	0	0	0	0	1	1	1	1	211	240
"150"	"R_15_053"	"Remmene"	20	40	0	0	2	"R"	15.1444444444444	16.2333333333333	14.2444444444444	0.827833845887627	1.98888888888889	"1"	1.09861228866811	-0.217774649486642	0.973808536255734	-0.394915807377567	-0.657283401905503	0.0422767238411179	-0.883646558726763	155	3	0	0	0	0	0	3	1	1	1	0	0	0	0	0	1	1	1	3	211	240
"151"	"R_15_054"	"Remmene"	22	47.5	0	13	2	"R"	15.3311111111111	16.6777777777778	12.9666666666667	1.51077344275531	3.71111111111111	"1"	1.09861228866811	0.0665422540098073	1.66414037945361	-0.394915807377567	1.37613512247051	0.0422767238411179	-0.67974677696567	156	2	1	0	0	0	0	3	1.333333333	2	2	0	0	0	0	1	3	2.666666667	6	3	211	240
"152"	"R_15_055"	"Remmene"	21	25	0	1	0	"R"	17.4977777777778	20.3666666666667	13.9666666666667	2.7399154088766	6.4	"0"	0	-0.0756161977384173	-0.406855150140028	-0.394915807377567	-0.500866592338117	-0.569109744015048	1.68694711847557	157	1	1	0	0	0	0	2	1.5	2	1	0	0	0	0	1	2	3.5	6	2	211	240
"153"	"R_15_056"	"Remmene"	14	35	0	3	3	"R"	15.7955555555556	17.5222222222222	13.4	1.72217246631864	4.12222222222222	"1"	1.38629436111989	-1.07072535997599	0.513587307457147	-0.394915807377567	-0.188032973203346	0.347969957769201	-0.172424700917239	158	1	1	0	0	0	0	2	1.5	2	0	0	1	0	0	0	1	3	3	2	211	240
"154"	"R_15_057"	"Remmene"	16	35	0	4	0	"R"	15.3177777777778	17	13.1555555555556	1.54172940389083	3.84444444444444	"0"	0	-0.786408456479541	0.513587307457147	-0.394915807377567	-0.0316161636359609	-0.569109744015048	-0.694311047091463	159	1	1	0	0	0	0	2	1.5	2	0	0	0	0	0	1	1	6	6	2	211	240
"155"	"R_15_058"	"Remmene"	16	25	0	0	1	"R"	15.4333333333333	16.7222222222222	13.0666666666667	1.48427139093074	3.65555555555556	"1"	0.693147180559945	-0.786408456479541	-0.406855150140028	-0.394915807377567	-0.657283401905503	-0.263416510086965	-0.568087372667929	160	0	1	0	0	0	0	1	2	2	0	0	0	0	0	1	1	6	6	1	211	240
"156"	"R_15_059"	"Remmene"	13	25	0	0	0	"R"	15.1822222222222	16.4666666666667	12.8666666666667	1.47188314750473	3.6	"0"	0	-1.21288381172421	-0.406855150140028	-0.394915807377567	-0.657283401905503	-0.569109744015048	-0.842381126703684	161	0	1	0	0	0	0	1	2	2	0	0	0	0	0	1	1	6	6	1	211	240
"157"	"R_15_060"	"Remmene"	21	30	0	6	3	"R"	15.9555555555556	17.4555555555556	13.6222222222222	1.54689172547707	3.83333333333333	"1"	1.38629436111989	-0.0756161977384173	0.0533660786585595	-0.394915807377567	0.28121745549881	0.347969957769201	0.00234654059226834	162	1	1	1	0	0	0	3	2	3	1	0	0	0	0	2	3	4.333333333	6	3	211	240
"158"	"R_15_061"	"Remmene"	30	40	1	7	1	"R"	15.8911111111111	17.0555555555556	14.2333333333333	1.19192518494681	2.82222222222222	"1"	0.693147180559945	1.2038098679956	0.973808536255734	1.92521456096564	0.437634265066196	-0.263416510086965	-0.0680474316823937	163	0	3	1	0	0	0	4	2.25	3	0	0	0	0	0	4	4	6	6	4	211	240
"159"	"R_15_062"	"Remmene"	37.5	40	1	9	3	"R"	14.3666666666667	15.4333333333333	12.8333333333333	1.08417739240187	2.6	"1"	1.38629436111989	2.26999825610729	0.973808536255734	1.92521456096564	0.750467884200967	0.347969957769201	-1.73322898273131	164	1	4	0	0	0	0	5	1.8	2	1	0	0	0	2	2	5	4.6	6	5	211	240
"160"	"R_15_064"	"Remmene"	29	27.5	0	7	4	"R"	16.8177777777778	18.7555555555556	14.1444444444444	1.92626651563925	4.61111111111111	"1"	1.6094379124341	1.06165141624738	-0.176744535740734	-0.394915807377567	0.437634265066196	0.653663191697284	0.944169342060169	165	1	1	2	1	0	0	5	2.6	4	0	0	0	1	0	3	4	5.5	6	5	211	240
"161"	"R_15_065"	"Remmene"	23	40	0	0	10	"R"	14.1088888888889	14.7222222222222	13.1666666666667	0.672675743925541	1.55555555555556	"1"	2.39789527279837	0.208700705758032	0.973808536255734	-0.394915807377567	-0.657283401905503	2.48782259526578	-2.01480487182996	166	0	1	0	0	0	0	1	2	2	0	0	0	0	0	1	1	6	6	1	211	240
"162"	"R_15_066"	"Remmene"	39	40	0	0	3	"R"	14.4066666666667	14.9777777777778	13.5555555555556	0.595211856659737	1.42222222222222	"1"	1.38629436111989	2.48323593372963	0.973808536255734	-0.394915807377567	-0.657283401905503	0.347969957769201	-1.68953617235394	167	4	1	0	0	0	0	5	1.2	2	0	0	1	1	0	1	3	4.333333333	6	5	211	240
"163"	"R_15_067"	"Remmene"	24	35	0	2	1	"R"	15.8266666666667	17.4333333333333	13.0777777777778	1.77933581673544	4.35555555555556	"1"	0.693147180559945	0.350859157506257	0.513587307457147	-0.394915807377567	-0.344449782770732	-0.263416510086965	-0.138441403957058	168	2	0	0	1	0	0	3	2	4	0	0	0	0	0	1	1	6	6	3	211	240
"164"	"R_15_068"	"Remmene"	26	30	0	1	0	"R"	14.9155555555556	17.3111111111111	12.7111111111111	1.84050804270851	4.6	"0"	0	0.635176061002706	0.0533660786585595	-0.394915807377567	-0.500866592338117	-0.569109744015048	-1.13366652921953	169	3	0	0	0	0	0	3	1	1	2	0	0	0	0	0	2	1	1	3	211	240
"165"	"R_15_069"	"Remmene"	20	25	0	0	1	"R"	18.9022222222222	21.8777777777778	16.1777777777778	2.40008676368805	5.7	"1"	0.693147180559945	-0.217774649486642	-0.406855150140028	-0.394915807377567	-0.657283401905503	-0.263416510086965	3.22105023839236	170	1	0	0	0	0	0	1	1	1	1	0	0	0	0	0	1	1	1	1	211	240
"166"	"R_15_070"	"Remmene"	15	20	0	7	0	"R"	16.9688888888889	19.3222222222222	13.3444444444444	2.48933978182695	5.97777777777778	"0"	0	-0.928566908227765	-0.867076378938615	-0.394915807377567	0.437634265066196	-0.569109744015048	1.10923107015248	171	0	1	0	0	0	0	1	2	2	0	0	1	0	0	0	1	3	3	1	211	240
"167"	"R_15_071"	"Remmene"	18	47.5	0	3	4	"R"	16.2355555555556	18.2888888888889	13.6555555555556	1.96761354719933	4.63333333333333	"1"	1.6094379124341	-0.502091552983091	1.66414037945361	-0.394915807377567	-0.188032973203346	0.653663191697284	0.308196213233908	172	1	0	0	0	0	0	1	1	1	0	0	0	0	0	1	1	6	6	1	211	240
"168"	"R_15_072"	"Remmene"	21	35	0	1	12	"R"	15.1822222222222	16.3222222222222	13.3888888888889	1.23012836042803	2.93333333333333	"1"	2.56494935746154	-0.0756161977384173	0.513587307457147	-0.394915807377567	-0.500866592338117	3.09920906312195	-0.842381126703684	173	0	1	0	0	0	0	1	2	2	0	1	0	0	0	0	1	2	2	2	211	240
"169"	"R_15_073"	"Remmene"	19	35	0	0	3	"R"	16.8511111111111	20.1444444444444	13.0777777777778	2.84022942441455	7.06666666666667	"1"	1.38629436111989	-0.359933101234867	0.513587307457147	-0.394915807377567	-0.657283401905503	0.347969957769201	0.980580017374651	174	0	1	0	0	0	0	1	2	2	0	0	1	0	0	0	1	3	3	1	211	240
"170"	"R_15_074"	"Remmene"	20	30	0	3	10	"R"	16.5555555555556	18.9888888888889	12.7777777777778	2.48963662660187	6.21111111111111	"1"	2.39789527279837	-0.217774649486642	0.0533660786585595	-0.394915807377567	-0.188032973203346	2.48782259526578	0.657738696252922	175	1	1	1	0	0	0	3	2	3	0	0	0	0	3	0	3	5	5	3	211	240
"171"	"R_15_075"	"Remmene"	21	27.5	0	13	3	"R"	15.4066666666667	17.0777777777778	12.8222222222222	1.7364444394641	4.25555555555556	"1"	1.38629436111989	-0.0756161977384173	-0.176744535740734	-0.394915807377567	1.37613512247051	0.347969957769201	-0.597215912919514	176	0	2	0	0	0	0	2	2	2	0	0	2	0	0	0	2	3	3	2	211	240
"172"	"R_15_076"	"Remmene"	20	30	0	4	1	"R"	14.7511111111111	15.5888888888889	13.4888888888889	0.869237722833262	2.1	"1"	0.693147180559945	-0.217774649486642	0.0533660786585595	-0.394915807377567	-0.0316161636359609	-0.263416510086965	-1.31329252743763	177	3	1	0	1	0	0	5	1.8	4	1	0	0	0	1	1	3	4	6	5	211	240
"173"	"R_15_077"	"Remmene"	30	35	0	22	0	"R"	15.1311111111111	16.6888888888889	12.4888888888889	1.77729432445064	4.2	"0"	0	1.2038098679956	0.513587307457147	-0.394915807377567	2.78388640857698	-0.569109744015048	-0.898210828852555	178	0	3	1	1	0	0	5	2.6	4	0	0	0	0	2	3	5	5.6	6	5	211	240
"174"	"R_15_078"	"Remmene"	26	52.5	0	4	0	"R"	16.7022222222222	19.2555555555556	13.9	2.1789202799755	5.35555555555556	"0"	0	0.635176061002706	2.1243616082522	-0.394915807377567	-0.0316161636359609	-0.569109744015048	0.817945667636635	179	2	1	0	0	0	0	3	1.333333333	2	0	0	0	0	2	0	2	5	5	3	211	240
"175"	"R_15_079"	"Remmene"	25	52.5	0	6	11	"R"	15.8133333333333	17.6333333333333	13.6888888888889	1.57342617696011	3.94444444444444	"1"	2.484906649788	0.493017609254481	2.1243616082522	-0.394915807377567	0.28121745549881	2.79351582919386	-0.153005674082848	180	3	0	0	0	0	0	3	1	1	2	0	0	0	0	0	2	1	1	3	211	240
"176"	"R_15_080"	"Remmene"	17	40	0	0	0	"R"	16.3777777777778	19.1222222222222	13.4888888888889	2.25575286504222	5.63333333333333	"0"	0	-0.644250004731316	0.973808536255734	-0.394915807377567	-0.657283401905503	-0.569109744015048	0.463548427909022	181	5	0	0	0	0	0	5	1	1	3	0	0	0	0	0	3	1	1	5	211	240
"177"	"R_15_081"	"Remmene"	16	35	1	0	0	"R"	16.4044444444444	18.7777777777778	13.8444444444444	1.91059623693672	4.93333333333333	"0"	0	-0.786408456479541	0.513587307457147	1.92521456096564	-0.657283401905503	-0.569109744015048	0.492676968160607	182	1	2	0	1	0	0	4	2.25	4	1	0	0	1	0	1	3	3.666666667	6	4	211	240
"178"	"R_15_082"	"Remmene"	22	40	0	11	0	"R"	16.8933333333333	18.9555555555556	13.6666666666667	2.13496969331263	5.28888888888889	"0"	0	0.0665422540098073	0.973808536255734	-0.394915807377567	1.06330150333574	-0.569109744015048	1.02670020610633	183	1	2	0	1	0	0	4	2.25	4	0	1	0	0	2	1	4	4.5	6	4	211	240
"179"	"R_15_083"	"Remmene"	22	40	1	5	0	"R"	16.8711111111111	19.2	13.5777777777778	2.20599485938141	5.62222222222222	"0"	0	0.0665422540098073	0.973808536255734	1.92521456096564	0.124800645931425	-0.569109744015048	1.00242642256334	184	2	1	2	0	0	0	5	2	3	2	0	1	0	0	2	5	3.4	6	5	211	240
"180"	"R_15_086"	"Remmene"	26	35	1	2	0	"R"	16.5244444444444	18.8888888888889	13.3333333333333	2.24541184151131	5.55555555555556	"0"	0	0.635176061002706	0.513587307457147	1.92521456096564	-0.344449782770732	-0.569109744015048	0.623755399292739	185	3	1	2	0	1	0	7	2.285714286	5	1	0	0	0	0	4	5	5	6	7	211	240
"181"	"R_15_088"	"Remmene"	30	40	0	5	1	"R"	15.9933333333333	18.0666666666667	13.1111111111111	1.97504383854692	4.95555555555556	"1"	0.693147180559945	1.2038098679956	0.973808536255734	-0.394915807377567	0.124800645931425	-0.263416510086965	0.0436119726153471	186	0	4	1	0	0	0	5	2.2	3	0	0	0	0	1	3	4	5.75	6	5	211	240
"182"	"R_15_089"	"Remmene"	24	30	0	0	2	"R"	16.1355555555556	18.4666666666667	12.7222222222222	2.26876120726967	5.74444444444444	"1"	1.09861228866811	0.350859157506257	0.0533660786585595	-0.394915807377567	-0.657283401905503	0.0422767238411179	0.198964187290464	187	2	0	0	0	0	0	2	1	1	0	0	1	0	0	1	2	4.5	6	2	211	240
"183"	"R_15_090"	"Remmene"	16	37.5	0	0	1	"R"	15.6311111111111	16.9888888888889	13.6777777777778	1.36058704235909	3.31111111111111	"1"	0.693147180559945	-0.786408456479541	0.74369792185644	-0.394915807377567	-0.657283401905503	-0.263416510086965	-0.352050699135345	188	2	0	0	0	0	0	2	1	1	2	0	0	0	0	0	2	1	1	2	211	240
"184"	"R_15_091"	"Remmene"	18	37.5	0	0	1	"R"	16.3688888888889	18.4888888888889	13.6555555555556	1.94727656737441	4.83333333333333	"1"	0.693147180559945	-0.502091552983091	0.74369792185644	-0.394915807377567	-0.657283401905503	-0.263416510086965	0.45383891449183	189	2	1	0	0	0	0	3	1.333333333	2	1	0	1	0	0	1	3	3.333333333	6	3	211	240
"185"	"R_15_092"	"Remmene"	21	37.5	0	0	1	"R"	16.0244444444444	17.8555555555556	13.4	1.76487559540464	4.45555555555556	"1"	0.693147180559945	-0.0756161977384173	0.74369792185644	-0.394915807377567	-0.657283401905503	-0.263416510086965	0.0775952695755286	190	3	1	0	0	0	0	4	1.25	2	3	0	0	0	0	1	4	2.25	6	4	211	240
"186"	"R_15_093"	"Remmene"	33	50	1	30	0	"R"	17.3111111111111	20.6777777777778	13.4	2.98934869855887	7.27777777777778	"0"	0	1.63028522324028	1.89425099385291	1.92521456096564	4.03522088511606	-0.569109744015048	1.48304733671448	191	1	1	7	1	0	0	10	2.8	4	0	0	0	0	4	5	9	5.555555556	6	10	211	240
"187"	"R_15_094"	"Remmene"	25	40	0	0	0	"R"	15.2688888888889	16.5444444444444	13.4888888888889	1.23378613738115	3.05555555555556	"0"	0	0.493017609254481	0.973808536255734	-0.394915807377567	-0.657283401905503	-0.569109744015048	-0.747713370886035	192	3	1	0	0	0	0	4	1.25	2	2	0	0	0	0	1	3	2.666666667	6	4	211	240
"188"	"R_15_095"	"Remmene"	33	40	0	2	0	"R"	15.2822222222222	16.9666666666667	13.0888888888889	1.56369911370442	3.87777777777778	"0"	0	1.63028522324028	0.973808536255734	-0.394915807377567	-0.344449782770732	-0.569109744015048	-0.733149100760242	193	1	3	2	0	0	0	6	2.166666667	3	1	0	0	0	0	5	6	5.166666667	6	6	211	240
"189"	"R_15_096"	"Remmene"	36	45	1	1	0	"R"	16.5555555555556	18.7888888888889	14.1888888888889	1.95912148547187	4.6	"0"	0	2.05676057848495	1.43402976505432	1.92521456096564	-0.500866592338117	-0.569109744015048	0.657738696252922	194	1	4	0	0	0	0	5	1.8	2	1	1	1	0	0	2	5	3.6	6	6	211	240
"190"	"R_15_098"	"Remmene"	16	45	0	0	0	"R"	15.9333333333333	17.2111111111111	14.0222222222222	1.32567452888401	3.18888888888889	"0"	0	-0.786408456479541	1.43402976505432	-0.394915807377567	-0.657283401905503	-0.569109744015048	-0.0219272429507187	196	0	0	1	0	1	0	2	4	5	0	0	0	0	0	2	2	6	6	2	211	240
"191"	"R_15_099"	"Remmene"	35	45	1	2	1	"R"	15.4488888888889	16.5222222222222	13.8444444444444	1.14406691837394	2.67777777777778	"1"	0.693147180559945	1.91460212673673	1.43402976505432	1.92521456096564	-0.344449782770732	-0.263416510086965	-0.551095724187838	197	1	3	1	0	0	0	5	2	3	0	0	0	0	3	2	5	5.4	6	5	211	240
"192"	"R_15_100"	"Remmene"	26	45	0	0	0	"R"	14.8377777777778	15.7888888888889	13.3333333333333	0.996057699020218	2.45555555555556	"0"	0	0.635176061002706	1.43402976505432	-0.394915807377567	-0.657283401905503	-0.569109744015048	-1.21862477161999	198	2	1	0	0	0	0	3	1.333333333	2	0	2	0	0	0	0	2	2	2	3	211	240
"193"	"T_15_001"	"Tånga Hed"	8.7	22.5	4	0	0	"T"	19.1	21.7878787878788	16.1212121212121	2.23579735335672	5.66666666666667	"0"	0	-2.48164785839224	0.18894467180232	0.39711008151454	-0.81135183736013	-0.805883957128083	1.83644207427279	199	3	1	1	3	1	0	9	2.777777778	5	0	0	0	0	0	3	3	6	6	9	210	239
"194"	"T_15_002"	"Tånga Hed"	23.7	30	8	4	0	"T"	17.8363636363636	19.0909090909091	16.0454545454545	1.23391261169762	3.04545454545455	"0"	0	-0.135887111242646	0.97791634189579	2.08380444835981	-0.310186984298101	-0.805883957128083	0.115710964315917	200	0	2	7	6	1	0	16	3.375	5	0	0	0	0	1	10	11	5.909090909	6	16	210	239
"195"	"T_15_003"	"Tånga Hed"	26.7	17.5	5	0	0	"T"	18.5424242424242	21.3333333333333	16.0151515151515	2.3314966308302	5.31818181818182	"0"	0	0.333265038187272	-0.337036441593327	0.818783673225857	-0.81135183736013	-0.805883957128083	1.07717463007119	201	0	2	4	0	0	0	6	2.666666667	3	0	0	0	0	0	6	6	6	6	6	210	239
"196"	"T_15_004"	"Tånga Hed"	25.5	25	7	0	0	"T"	18.0393939393939	20.2575757575758	15.7727272727273	1.80080852295809	4.48484848484848	"0"	0	0.145604178415305	0.451935228500143	1.66213085664849	-0.81135183736013	-0.805883957128083	0.392183348889323	202	1	1	5	1	0	0	8	2.75	4	0	0	0	0	0	7	7	6	6	8	210	239
"197"	"T_15_005"	"Tånga Hed"	29.5	35	7	0	1	"T"	17.4454545454545	19.0454545454545	15.4393939393939	1.47860033171716	3.60606060606061	"1"	0.693147180559945	0.771140377655196	1.50389745529144	1.66213085664849	-0.81135183736013	-0.725607315363874	-0.416601537325415	203	1	7	1	0	0	0	9	2	3	0	0	0	0	1	7	8	5.875	6	9	210	239
"198"	"T_15_006"	"Tånga Hed"	23.3	27.5	5	2	6	"T"	17.1939393939394	19.2878787878788	14.8030303030303	1.78487994751278	4.48484848484848	"1"	1.94591014905531	-0.198440731166635	0.714925785197966	0.818783673225857	-0.560769410829115	-0.324224106542827	-0.759097177916348	204	2	4	2	1	0	0	9	2.222222222	4	0	0	0	0	1	6	7	5.857142857	6	9	210	239
"199"	"T_15_007"	"Tånga Hed"	22.7	27.5	7	1	7	"T"	17.1939393939394	19.2878787878788	14.8030303030303	1.78487994751278	4.48484848484848	"1"	2.07944154167984	-0.292271161052619	0.714925785197966	1.66213085664849	-0.686060624094623	-0.243947464778617	-0.759097177916348	205	0	7	1	0	0	0	8	2.125	3	0	0	0	0	1	7	8	5.875	6	8	210	239
"200"	"T_15_008"	"Tånga Hed"	14	35	4	0	0	"T"	17.4454545454545	19.0454545454545	15.4393939393939	1.47860033171716	3.60606060606061	"0"	0	-1.65281239439938	1.50389745529144	0.39711008151454	-0.81135183736013	-0.805883957128083	-0.416601537325415	206	0	0	3	1	0	0	4	3.25	4	0	0	0	0	0	4	4	6	6	4	210	239
"201"	"T_15_009"	"Tånga Hed"	20	22.5	0	0	35	"T"	17.6121212121212	19.6818181818182	15.3333333333333	1.82416513728735	4.34848484848485	"1"	3.58351893845611	-0.714508095539545	0.18894467180232	-1.28958428533072	-0.81135183736013	2.00379850461925	-0.189646594765155	207	2	1	0	0	0	0	3	1.333333333	2	0	0	1	0	0	0	1	3	3	3	210	239
"202"	"T_15_010"	"Tånga Hed"	24.5	22.5	6	3	30	"T"	17.6121212121212	19.6818181818182	15.3333333333333	1.82416513728735	4.34848484848485	"1"	3.43398720448515	-0.010779871394668	0.18894467180232	1.24045726493717	-0.435478197563608	1.6024152957982	-0.189646594765155	208	1	4	2	1	0	0	8	2.375	4	0	0	0	0	0	7	7	6	6	8	210	239
"203"	"T_15_011"	"Tånga Hed"	22.2	15	3	5	0	"T"	19.1060606060606	22.530303030303	15.1363636363636	2.89912385350152	7.39393939393939	"0"	0	-0.370463185957605	-0.600026998291151	-0.0245635101967757	-0.184895771032593	-0.805883957128083	1.84469498127497	209	1	3	1	0	0	0	5	2	3	0	0	0	1	0	4	5	5.6	6	5	210	239
"204"	"T_15_012"	"Tånga Hed"	23	40	1	4	20	"T"	17.1060606060606	18.8484848484848	14.9848484848485	1.48838537336872	3.86363636363636	"1"	3.04452243772342	-0.245355946109627	2.02987856868708	-0.867910693619408	-0.310186984298101	0.799648878156106	-0.878764329448123	210	1	1	1	1	4	0	8	3.75	5	0	0	1	0	0	3	4	5.25	6	8	210	239
"205"	"T_15_013"	"Tånga Hed"	19.5	10	1	14	1	"T"	18.669696969697	22.0757575757576	15.1818181818182	2.68215791862413	6.89393939393939	"1"	0.693147180559945	-0.792700120444532	-1.1260081116868	-0.867910693619408	0.942725148356972	-0.725607315363874	1.25048567711721	211	0	2	3	1	0	0	6	2.833333333	4	0	0	0	0	4	2	6	5.333333333	6	6	210	239
"206"	"T_15_014"	"Tånga Hed"	21	27.5	4	0	5	"T"	18.2969696969697	20.5151515151515	15.6666666666667	1.85704930887577	4.84848484848485	"1"	1.79175946922805	-0.558124045729573	0.714925785197966	0.39711008151454	-0.81135183736013	-0.404500748307036	0.742931896482449	212	0	0	2	1	1	0	4	3.75	5	0	0	0	0	0	4	4	6	6	4	210	239
"207"	"T_15_015"	"Tånga Hed"	15	10	0	2	20	"T"	18.5272727272727	21.6212121212121	15.3333333333333	2.42274695159936	6.28787878787879	"1"	3.04452243772342	-1.49642834458941	-1.1260081116868	-1.28958428533072	-0.560769410829115	0.799648878156106	1.05654236256571	213	0	3	1	0	0	0	4	2.25	3	0	0	1	0	1	0	2	4	5	4	210	239
"208"	"T_15_016"	"Tånga Hed"	21	15	0	5	12	"T"	17.169696969697	19.2575757575758	13.7878787878788	2.27071272409928	5.46969696969697	"1"	2.56494935746154	-0.558124045729573	-0.600026998291151	-1.28958428533072	-0.184895771032593	0.15743574404243	-0.792108805925117	214	5	2	0	0	0	0	7	1.285714286	2	0	0	0	1	2	3	6	5.333333333	6	7	210	239
"209"	"T_15_017"	"Tånga Hed"	29	40	2	12	40	"T"	17.830303030303	20.469696969697	15.0757575757576	2.11290018693554	5.39393939393939	"1"	3.71357206670431	0.692948352750209	2.02987856868708	-0.446237101908092	0.692142721825958	2.4051817134403	0.107458057313729	215	2	4	1	0	0	0	7	1.857142857	3	0	0	0	0	3	4	7	5.571428571	6	7	210	239
"210"	"T_15_018"	"Tånga Hed"	35	27.5	4	7	20	"T"	17.1818181818182	19.0909090909091	15.1818181818182	1.54654865382245	3.90909090909091	"1"	3.04452243772342	1.63125265161005	0.714925785197966	0.39711008151454	0.0656866554984213	0.799648878156106	-0.77560299192073	216	5	6	1	0	0	0	12	1.666666667	3	0	0	1	2	3	6	12	5.166666667	6	12	210	239
"211"	"T_15_019"	"Tånga Hed"	36	27.5	4	16	15	"T"	17.1818181818182	19.0909090909091	15.1818181818182	1.54654865382245	3.90909090909091	"1"	2.77258872223978	1.78763670142002	0.714925785197966	0.39711008151454	1.19330757488799	0.398265669335059	-0.77560299192073	217	0	2	8	1	0	0	11	2.909090909	4	0	0	0	0	4	7	11	5.636363636	6	11	210	239
"212"	"T_15_020"	"Tånga Hed"	24.5	35	2	0	45	"T"	18.0666666666667	19.7272727272727	15.7575757575758	1.55748753382916	3.96969696969697	"1"	3.8286413964891	-0.010779871394668	1.50389745529144	-0.446237101908092	-0.81135183736013	2.80656492226134	0.429321430399183	218	2	2	0	0	0	0	4	1.5	2	0	0	0	0	1	2	3	5.666666667	6	4	210	239
"213"	"T_15_021"	"Tånga Hed"	23	12.5	1	13	15	"T"	17.9545454545455	20.030303030303	15.0606060606061	1.95434547018271	4.96969696969697	"1"	2.77258872223978	-0.245355946109627	-0.863017554988974	-0.867910693619408	0.817433935091465	0.398265669335059	0.276642650858644	219	1	6	0	0	0	0	7	1.857142857	2	0	0	1	0	1	5	7	5.428571429	6	7	210	239
"214"	"T_15_022"	"Tånga Hed"	26	35	3	25	45	"T"	17.4939393939394	19.8636363636364	14.8181818181818	1.94421651713495	5.04545454545455	"1"	3.8286413964891	0.223796203320291	1.50389745529144	-0.0245635101967757	2.32092849427755	2.80656492226134	-0.350578281307887	220	0	1	7	1	0	0	9	3	4	0	0	0	0	3	6	9	5.666666667	6	9	210	239
"215"	"T_15_023"	"Tånga Hed"	18	10	3	0	0	"T"	17.9545454545455	20.030303030303	15.0606060606061	1.95434547018271	4.96969696969697	"0"	0	-1.02727619515949	-1.1260081116868	-0.0245635101967757	-0.81135183736013	-0.805883957128083	0.276642650858644	221	0	3	1	0	0	0	4	2.25	3	0	0	0	0	0	3	3	6	6	4	210	239
"216"	"T_15_024"	"Tånga Hed"	35	30	5	9	7	"T"	17.1666666666667	19.6060606060606	14.8030303030303	1.8527033683308	4.8030303030303	"1"	2.07944154167984	1.63125265161005	0.97791634189579	0.818783673225857	0.316269082029436	-0.243947464778617	-0.796235259426209	222	3	6	1	0	0	0	10	1.8	3	0	0	0	0	4	5	9	5.555555556	6	10	210	239
"217"	"T_15_025"	"Tånga Hed"	26.5	27.5	4	2	0	"T"	19.6727272727273	23.9393939393939	16.0757575757576	3.28841263768222	7.86363636363636	"0"	0	0.301988228225277	0.714925785197966	0.39711008151454	-0.560769410829115	-0.805883957128083	2.61634178597985	223	0	3	1	1	0	0	5	2.6	4	0	0	0	0	0	5	5	6	6	5	210	239
"218"	"T_15_026"	"Tånga Hed"	17.5	17.5	3	8	11	"T"	18.7909090909091	22.0909090909091	15.6818181818182	2.59921136191805	6.40909090909091	"1"	2.484906649788	-1.10546822006448	-0.337036441593327	-0.0245635101967757	0.190977868763929	0.0771591022782208	1.41554381716103	224	0	5	0	1	0	0	6	2.333333333	4	0	0	0	0	1	5	6	5.833333333	6	6	210	239
"219"	"T_15_027"	"Tånga Hed"	22.5	10	3	1	16	"T"	18.1545454545455	20.6818181818182	15.5151515151515	2.01759104623947	5.16666666666667	"1"	2.83321334405622	-0.323547971014614	-1.1260081116868	-0.0245635101967757	-0.686060624094623	0.478542311099268	0.548988581930958	225	1	3	1	0	0	0	5	2	3	0	0	0	0	1	3	4	5.75	6	5	210	239
"220"	"T_15_028"	"Tånga Hed"	26.5	15	4	4	4	"T"	18.230303030303	21.1060606060606	15.530303030303	2.21340824354135	5.57575757575758	"1"	1.6094379124341	0.301988228225277	-0.600026998291151	0.39711008151454	-0.310186984298101	-0.484777390071246	0.652149919458346	226	0	2	2	1	0	0	5	2.8	4	0	0	0	0	0	5	5	6	6	5	210	239
"221"	"T_15_029"	"Tånga Hed"	31	12.5	5	0	8	"T"	18.8060606060606	23.0757575757576	15.5	2.92570356229862	7.57575757575758	"1"	2.19722457733622	1.00571645237015	-0.863017554988974	0.818783673225857	-0.81135183736013	-0.163670823014408	1.43617608466651	227	0	2	2	1	0	0	5	2.8	4	0	0	0	0	0	5	5	6	6	5	210	239
"222"	"T_15_030"	"Tånga Hed"	23	17.5	3	4	15	"T"	18.8060606060606	23.0757575757576	15.5	2.92570356229862	7.57575757575758	"1"	2.77258872223978	-0.245355946109627	-0.337036441593327	-0.0245635101967757	-0.310186984298101	0.398265669335059	1.43617608466651	228	0	2	3	0	0	0	5	2.6	3	0	0	0	0	0	5	5	6	6	5	210	239
"223"	"T_15_031"	"Tånga Hed"	17	10	2	0	0	"T"	18.2939393939394	21.4242424242424	15.2121212121212	2.39520999676012	6.21212121212121	"0"	0	-1.18366024496946	-1.1260081116868	-0.446237101908092	-0.81135183736013	-0.805883957128083	0.738805442981352	229	2	1	0	0	0	0	3	1.333333333	2	0	0	0	0	1	1	2	5.5	6	3	210	239
"224"	"T_15_032"	"Tånga Hed"	25.5	15	4	2	0	"T"	18.2939393939394	21.4242424242424	15.2121212121212	2.39520999676012	6.21212121212121	"0"	0	0.145604178415305	-0.600026998291151	0.39711008151454	-0.560769410829115	-0.805883957128083	0.738805442981352	230	1	1	5	1	0	0	8	2.75	4	0	0	0	0	1	6	7	5.857142857	6	8	210	239
"225"	"T_15_033"	"Tånga Hed"	26.6	10	5	18	6	"T"	18.0575757575758	20.2575757575758	15.6212121212121	1.81957356667359	4.63636363636364	"1"	1.94591014905531	0.317626633206275	-1.1260081116868	0.818783673225857	1.443890001419	-0.324224106542827	0.416942069895898	231	3	8	1	0	0	0	12	1.833333333	3	1	1	0	0	3	7	12	5	6	12	210	239
"226"	"T_15_034"	"Tånga Hed"	22	15	1	0	1	"T"	17.8090909090909	20.6969696969697	15.0454545454545	2.190682834234	5.65151515151515	"1"	0.693147180559945	-0.4017399959196	-0.600026998291151	-0.867910693619408	-0.81135183736013	-0.725607315363874	0.0785728828060566	232	4	2	0	0	0	0	6	1.333333333	2	0	0	0	0	2	1	3	5.333333333	6	6	210	239
"227"	"T_15_035"	"Tånga Hed"	25.5	15	4	5	2	"T"	17.8090909090909	20.6969696969697	15.0454545454545	2.190682834234	5.65151515151515	"1"	1.09861228866811	0.145604178415305	-0.600026998291151	0.39711008151454	-0.184895771032593	-0.645330673599665	0.0785728828060566	233	2	8	1	0	0	0	11	1.909090909	3	0	0	0	0	3	5	8	5.625	6	11	210	239
"228"	"T_15_036"	"Tånga Hed"	23.7	12.5	3	6	5	"T"	18.6212121212121	21.6969696969697	15.7121212121212	2.32139797024234	5.98484848484848	"1"	1.79175946922805	-0.135887111242646	-0.863017554988974	-0.0245635101967757	-0.059604557767086	-0.404500748307036	1.18446242109968	234	0	2	2	1	0	0	5	2.8	4	0	0	0	0	1	4	5	5.8	6	5	210	239
"229"	"T_15_037"	"Tånga Hed"	24	12.5	3	6	1	"T"	17.6757575757576	19.7272727272727	15.2727272727273	1.81641945519522	4.45454545454545	"1"	0.693147180559945	-0.0889718962996544	-0.863017554988974	-0.0245635101967757	-0.059604557767086	-0.725607315363874	-0.102991071242149	235	0	2	2	1	0	0	5	2.8	4	0	0	0	0	1	4	5	5.8	6	5	210	239
"230"	"T_15_038"	"Tånga Hed"	17	12.5	3	0	0	"T"	17.6757575757576	19.7272727272727	15.2727272727273	1.81641945519522	4.45454545454545	"0"	0	-1.18366024496946	-0.863017554988974	-0.0245635101967757	-0.81135183736013	-0.805883957128083	-0.102991071242149	236	0	3	1	0	0	0	4	2.25	3	0	0	0	0	1	3	4	5.75	6	4	210	239
"231"	"T_15_039"	"Tånga Hed"	24.5	10	6	0	2	"T"	18.830303030303	22.5757575757576	15.3636363636364	2.82500112769511	7.21212121212121	"1"	1.09861228866811	-0.010779871394668	-1.1260081116868	1.24045726493717	-0.81135183736013	-0.645330673599665	1.46918771267528	237	1	6	1	0	0	0	8	2	3	0	0	0	0	0	6	6	6	6	8	210	239
"232"	"T_15_040"	"Tånga Hed"	20.5	15	4	6	1	"T"	18.4121212121212	21.5606060606061	15.3787878787879	2.36411356297114	6.18181818181818	"1"	0.693147180559945	-0.636316070634559	-0.600026998291151	0.39711008151454	-0.059604557767086	-0.725607315363874	0.899737129524079	238	0	0	5	0	1	0	6	3.333333333	5	0	0	0	0	0	7	7	6	6	7	210	239
"233"	"T_15_041"	"Tånga Hed"	25	15	4	5	0	"T"	18.8363636363636	22.8030303030303	15.6969696969697	2.75914180057383	7.10606060606061	"0"	0	0.0674121535103183	-0.600026998291151	0.39711008151454	-0.184895771032593	-0.805883957128083	1.47744061967747	239	0	0	4	1	0	0	5	3.2	4	0	0	0	0	0	5	5	6	6	5	210	239
"234"	"T_15_042"	"Tånga Hed"	28.5	17.5	5	8	2	"T"	17.8939393939394	20.6818181818182	15.1212121212121	2.17618013533669	5.56060606060606	"1"	1.09861228866811	0.614756327845223	-0.337036441593327	0.818783673225857	0.190977868763929	-0.645330673599665	0.194113580836735	240	0	2	4	1	0	0	7	2.857142857	4	0	0	0	0	0	7	7	6	6	7	210	239
"235"	"T_15_043"	"Tånga Hed"	22	12.5	4	1	11	"T"	18.2181818181818	22.1515151515152	15.2575757575758	2.69413082498957	6.89393939393939	"1"	2.484906649788	-0.4017399959196	-0.863017554988974	0.39711008151454	-0.686060624094623	0.0771591022782208	0.635644105453964	241	0	4	1	0	0	0	5	2.2	3	0	0	0	0	1	4	5	5.8	6	5	210	239
"236"	"T_15_044"	"Tånga Hed"	26	15	6	0	15	"T"	18.2181818181818	22.1515151515152	15.2575757575758	2.69413082498957	6.89393939393939	"1"	2.77258872223978	0.223796203320291	-0.600026998291151	1.24045726493717	-0.81135183736013	0.398265669335059	0.635644105453964	242	0	0	5	1	0	0	6	3.166666667	4	0	0	0	0	0	6	6	6	6	6	210	239
"237"	"T_15_045"	"Tånga Hed"	17.5	15	0	6	18	"T"	18.4121212121212	21.5606060606061	15.3787878787879	2.36411356297114	6.18181818181818	"1"	2.94443897916644	-1.10546822006448	-0.600026998291151	-1.28958428533072	-0.059604557767086	0.639095594627687	0.899737129524079	243	1	2	1	0	0	0	4	2	3	0	0	0	0	1	1	2	5.5	6	4	210	239
"238"	"T_15_046"	"Tånga Hed"	21.5	12.5	2	2	12	"T"	18.3041666666667	21.3125	15.375	2.42727586797789	5.9375	"1"	2.56494935746154	-0.479932020824586	-0.863017554988974	-0.446237101908092	-0.560769410829115	0.15743574404243	0.752732223547552	244	1	2	1	0	0	0	4	2	3	0	0	0	0	0	3	3	6	6	4	210	239
"239"	"T_15_047"	"Tånga Hed"	12	12.5	1	0	7	"T"	18.3041666666667	21.3125	15.375	2.42727586797789	5.9375	"1"	2.07944154167984	-1.96558049401933	-0.863017554988974	-0.867910693619408	-0.81135183736013	-0.243947464778617	0.752732223547552	245	1	0	0	0	0	0	1	1	1	0	0	0	0	1	0	1	5	5	1	210	239
"240"	"T_15_048"	"Tånga Hed"	16.5	12.5	1	0	11	"T"	18.6212121212121	21.6969696969697	15.7121212121212	2.32139797024234	5.98484848484848	"1"	2.484906649788	-1.26185226987445	-0.863017554988974	-0.867910693619408	-0.81135183736013	0.0771591022782208	1.18446242109968	246	1	0	1	0	0	0	2	2	3	0	0	0	0	0	2	2	6	6	2	210	239
"241"	"T_15_049"	"Tånga Hed"	27.5	27.5	4	3	6	"T"	17.6242424242424	20.4090909090909	15.2121212121212	1.99294677580945	5.1969696969697	"1"	1.94591014905531	0.45837227803525	0.714925785197966	0.39711008151454	-0.435478197563608	-0.324224106542827	-0.173140780760773	247	1	0	4	1	0	0	6	2.833333333	4	0	0	0	0	0	5	5	6	6	6	210	239
"242"	"T_15_050"	"Tånga Hed"	30.3	15	5	2	3	"T"	17.7666666666667	20.1363636363636	15.4545454545455	1.83041121030134	4.68181818181818	"1"	1.38629436111989	0.896247617503174	-0.600026998291151	0.818783673225857	-0.560769410829115	-0.565054031835455	0.0208025337907175	248	0	6	1	0	0	0	7	2.142857143	3	0	0	0	0	1	6	7	5.857142857	6	7	210	239
"243"	"T_15_051"	"Tånga Hed"	33	17.5	3	8	11	"T"	17.6060606060606	19.8333333333333	15.3333333333333	1.75549803399274	4.5	"1"	2.484906649788	1.3184845519901	-0.337036441593327	-0.0245635101967757	0.190977868763929	0.0771591022782208	-0.197899501767349	249	4	4	1	0	0	0	9	1.666666667	3	0	0	0	0	3	3	6	5.5	6	9	210	239
"244"	"T_15_052"	"Tånga Hed"	20	15	6	4	10	"T"	18.1272727272727	21.1060606060606	15.2424242424242	2.26657577252448	5.86363636363636	"1"	2.39789527279837	-0.714508095539545	-0.600026998291151	1.24045726493717	-0.310186984298101	-0.00311753948598872	0.511850500421097	250	1	4	3	1	0	0	9	2.444444444	4	0	0	0	0	0	8	8	6	6	9	210	239
"245"	"T_15_053"	"Tånga Hed"	19	12.5	2	0	10	"T"	18.3060606060606	21.3939393939394	15.3333333333333	2.3418019682209	6.06060606060606	"1"	2.39789527279837	-0.870892145349518	-0.863017554988974	-0.446237101908092	-0.81135183736013	-0.00311753948598872	0.755311256985734	251	1	3	1	0	0	0	5	2	3	0	0	0	0	3	1	4	5.25	6	5	210	239
"246"	"T_15_054"	"Tånga Hed"	19.7	15	1	5	5	"T"	17.7	19.8484848484848	15.3333333333333	1.765929769312	4.51515151515152	"1"	1.79175946922805	-0.761423310482537	-0.600026998291151	-0.867910693619408	-0.184895771032593	-0.404500748307036	-0.0699794432333854	252	0	0	2	1	0	0	3	3.333333333	4	0	0	0	0	0	3	3	6	6	3	210	239
"247"	"T_15_055"	"Tånga Hed"	16.5	20	1	0	20	"T"	17.7212121212121	20.3939393939394	15.3787878787879	2.00861445629225	5.01515151515152	"1"	3.04452243772342	-1.26185226987445	-0.0740458848955038	-0.867910693619408	-0.81135183736013	0.799648878156106	-0.0410942687257134	253	1	1	0	0	0	0	2	1.5	2	0	0	0	1	0	1	2	5	6	2	210	239
"248"	"T_15_056"	"Tånga Hed"	38	30	15	0	20	"T"	17.1030303030303	19.3484848484848	14.8030303030303	1.76398442810906	4.54545454545455	"1"	3.04452243772342	2.10040480103996	0.97791634189579	5.03551959033902	-0.81135183736013	0.799648878156106	-0.88289078294922	254	2	12	2	1	0	0	17	2.117647059	4	0	0	0	0	1	15	16	5.9375	6	17	210	239
"249"	"T_15_057"	"Tånga Hed"	18.5	15	4	4	1	"T"	19.0030303030303	23.5757575757576	15.6212121212121	3.14487265833658	7.95454545454545	"1"	0.693147180559945	-0.949084170254504	-0.600026998291151	0.39711008151454	-0.310186984298101	-0.725607315363874	1.70439556223773	255	0	2	3	1	0	0	6	2.833333333	4	0	0	0	0	0	6	6	6	6	6	210	239
"250"	"T_15_058"	"Tånga Hed"	14	5	1	2	13	"T"	18.030303030303	21.6818181818182	14.8333333333333	2.73050146704335	6.84848484848485	"1"	2.63905732961526	-1.65281239439938	-1.65198922508244	-0.867910693619408	-0.560769410829115	0.23771238580664	0.379803988386037	256	3	1	0	0	0	0	4	1.25	2	0	1	0	3	0	1	5	4	6	5	210	239
"251"	"T_15_059"	"Tånga Hed"	18	15	3	0	35	"T"	18	20.1060606060606	16.030303030303	1.60556551797679	4.07575757575758	"1"	3.58351893845611	-1.02727619515949	-0.600026998291151	-0.0245635101967757	-0.81135183736013	2.00379850461925	0.33853945337508	257	1	2	1	0	0	0	4	2	3	0	0	1	0	1	2	4	5	6	4	210	239
"252"	"T_15_060"	"Tånga Hed"	24	22	3	4	20	"T"	17.2484848484848	19.030303030303	15.4090909090909	1.4585991531419	3.62121212121212	"1"	3.04452243772342	-0.0889718962996544	0.136346560462755	-0.0245635101967757	-0.310186984298101	0.799648878156106	-0.684821014896627	258	2	2	1	0	0	0	5	1.8	3	1	0	0	0	2	2	5	4.6	6	5	210	239
"253"	"T_15_061"	"Tånga Hed"	23	10	3	3	9	"T"	18.0878787878788	20.1515151515152	15.8787878787879	1.65472293519751	4.27272727272727	"1"	2.30258509299405	-0.245355946109627	-1.1260081116868	-0.0245635101967757	-0.435478197563608	-0.0833941812501982	0.45820660490685	259	1	0	3	0	0	0	4	2.5	3	0	0	0	0	0	4	4	6	6	4	210	239
"254"	"T_15_062"	"Tånga Hed"	18	15	3	0	6	"T"	18.0878787878788	20.1515151515152	15.8787878787879	1.65472293519751	4.27272727272727	"1"	1.94591014905531	-1.02727619515949	-0.600026998291151	-0.0245635101967757	-0.81135183736013	-0.324224106542827	0.45820660490685	260	0	1	2	0	0	0	3	2.666666667	3	0	0	0	0	0	3	3	6	6	3	210	239
"255"	"T_15_063"	"Tånga Hed"	31	20	4	4	25	"T"	16.4	17.4242424242424	14.969696969697	1.03370369570909	2.45454545454545	"1"	3.25809653802148	1.00571645237015	-0.0740458848955038	0.39711008151454	-0.310186984298101	1.20103208697715	-1.8402279952034	261	0	2	4	1	0	0	7	2.857142857	4	0	0	0	0	0	7	7	6	6	7	210	239
"256"	"T_15_064"	"Tånga Hed"	19.2	15	1	3	1	"T"	17.4848484848485	19.1060606060606	15.1969696969697	1.55371489815548	3.90909090909091	"1"	0.693147180559945	-0.839615335387524	-0.600026998291151	-0.867910693619408	-0.435478197563608	-0.725607315363874	-0.362957641811173	262	2	1	0	0	0	0	3	1.333333333	2	1	0	0	0	0	2	3	4.333333333	6	3	210	239
"257"	"T_15_065"	"Tånga Hed"	29.5	27.5	1	26	22	"T"	18.2060606060606	20.1818181818182	15.5151515151515	1.95372288710106	4.66666666666667	"1"	3.13549421592915	0.771140377655196	0.714925785197966	-0.867910693619408	2.44621970754306	0.960202161684525	0.619138291449582	263	2	4	4	1	0	0	11	2.363636364	4	0	0	1	0	6	2	9	5	6	11	210	239
"258"	"T_15_066"	"Tånga Hed"	25	22.5	5	5	4	"T"	16.5515151515152	19.1818181818182	14.1818181818182	2.06370622173452	5	"1"	1.6094379124341	0.0674121535103183	0.18894467180232	0.818783673225857	-0.184895771032593	-0.484777390071246	-1.63390532014862	264	0	5	3	0	0	0	8	2.375	3	0	0	0	0	0	8	8	6	6	8	210	239
"259"	"T_15_067"	"Tånga Hed"	18	10	1	0	15	"T"	16.8242424242424	19.0151515151515	14.4848484848485	1.81806622402341	4.53030303030303	"1"	2.77258872223978	-1.02727619515949	-1.1260081116868	-0.867910693619408	-0.81135183736013	0.398265669335059	-1.26252450505001	265	1	1	0	0	0	0	2	1.5	2	0	0	0	1	0	1	2	5	6	2	210	239
"260"	"T_15_068"	"Tånga Hed"	13	6	0	4	6	"T"	18.9	22.1818181818182	15.4545454545455	2.76328742973957	6.72727272727273	"1"	1.94591014905531	-1.80919644420935	-1.54679300240331	-1.28958428533072	-0.310186984298101	-0.324224106542827	1.56409614320047	266	0	1	0	1	0	0	2	3	4	0	0	0	0	1	1	2	5.5	6	2	210	239
"261"	"T_15_069"	"Tånga Hed"	22.3	10	0	14	10	"T"	18.4363636363636	21.2575757575758	15.8181818181818	2.18406898817186	5.43939393939394	"1"	2.39789527279837	-0.354824780976608	-1.1260081116868	-1.28958428533072	0.942725148356972	-0.00311753948598872	0.932748757532848	267	0	4	1	0	0	0	5	2.2	3	1	0	0	0	1	3	5	4.8	6	5	210	239
"262"	"T_15_070"	"Tånga Hed"	28	17	0	6	8	"T"	17.5878787878788	21.469696969697	14.7121212121212	2.67254823630042	6.75757575757576	"1"	2.19722457733622	0.536564302940237	-0.389634552932892	-1.28958428533072	-0.059604557767086	-0.163670823014408	-0.222658222773924	268	1	1	2	0	0	0	4	2.25	3	1	0	0	0	0	3	4	4.75	6	4	210	239
"263"	"T_15_071"	"Tånga Hed"	21	12	1	0	0	"T"	17.5878787878788	21.469696969697	14.7121212121212	2.67254823630042	6.75757575757576	"0"	0	-0.558124045729573	-0.915615666328539	-0.867910693619408	-0.81135183736013	-0.805883957128083	-0.222658222773924	269	4	1	0	0	0	0	5	1.2	2	1	0	0	3	0	1	5	3.8	6	5	210	239
"264"	"T_15_072"	"Tånga Hed"	21	27.5	2	8	60	"T"	17.8424242424242	19.6818181818182	15.2575757575758	1.83369602722342	4.42424242424242	"1"	4.11087386417331	-0.558124045729573	0.714925785197966	-0.446237101908092	0.190977868763929	4.01071454872449	0.123963871318111	270	0	0	4	0	1	0	5	3.4	5	0	0	0	0	1	4	5	5.8	6	5	210	239
"265"	"T_15_073"	"Tånga Hed"	25	12.5	0	6	1	"T"	16.6818181818182	18.8181818181818	14.4848484848485	1.72889123832104	4.33333333333333	"1"	0.693147180559945	0.0674121535103183	-0.863017554988974	-1.28958428533072	-0.059604557767086	-0.725607315363874	-1.45646781960151	271	2	1	0	0	0	0	3	1.333333333	2	1	0	1	0	0	1	3	3.333333333	6	3	210	239
"266"	"T_15_074"	"Tånga Hed"	28	22	1	17	40	"T"	16.8060606060606	18.3181818181818	14.4545454545455	1.54608582858992	3.86363636363636	"1"	3.71357206670431	0.536564302940237	0.136346560462755	-0.867910693619408	1.31859878815349	2.4051817134403	-1.28728322605659	272	1	3	1	1	0	0	6	2.333333333	4	2	0	0	0	0	5	7	4.571428571	6	7	210	239
"267"	"T_15_075"	"Tånga Hed"	21	12	3	0	30	"T"	16.6787878787879	17.969696969697	14.7272727272727	1.34422854377057	3.24242424242424	"1"	3.43398720448515	-0.558124045729573	-0.915615666328539	-0.0245635101967757	-0.81135183736013	1.6024152957982	-1.4605942731026	273	0	2	1	0	0	0	3	2.333333333	3	0	0	0	0	0	3	3	6	6	3	210	239
"268"	"T_15_076"	"Tånga Hed"	31	15	6	16	0	"T"	17.6757575757576	19.6515151515152	14.8939393939394	1.86391733207884	4.75757575757576	"0"	0	1.00571645237015	-0.600026998291151	1.24045726493717	1.19330757488799	-0.805883957128083	-0.102991071242149	274	1	3	9	1	0	0	14	2.714285714	4	0	0	1	0	1	11	13	5.692307692	6	14	210	239
"269"	"T_15_077"	"Tånga Hed"	35	23	2	34	0	"T"	16.7545454545455	18.5606060606061	14.4545454545455	1.62489809115042	4.10606060606061	"0"	0	1.63125265161005	0.241542783141884	-0.446237101908092	3.44854941366712	-0.805883957128083	-1.35743293557521	275	1	2	9	1	1	0	14	2.928571429	5	0	0	1	0	2	11	14	5.642857143	6	14	210	239
"270"	"T_15_078"	"Tånga Hed"	21	15	3	3	30	"T"	16.6787878787879	17.969696969697	14.7272727272727	1.34422854377057	3.24242424242424	"1"	3.43398720448515	-0.558124045729573	-0.600026998291151	-0.0245635101967757	-0.435478197563608	1.6024152957982	-1.4605942731026	276	1	2	0	0	0	0	3	1.666666667	2	0	0	0	0	0	3	3	6	6	3	210	239
"271"	"T_15_079"	"Tånga Hed"	32	30	3	14	0	"T"	16.6666666666667	18.2878787878788	14.2727272727273	1.56301558126468	4.01515151515152	"0"	0	1.16210050218013	0.97791634189579	-0.0245635101967757	0.942725148356972	-0.805883957128083	-1.47710008710698	277	1	0	6	0	1	0	8	3	5	2	0	0	0	0	7	9	4.888888889	6	9	210	239
"272"	"T_15_080"	"Tånga Hed"	36	20	1	37	0	"T"	17.4424242424242	19.0909090909091	14.7575757575758	1.78762409943864	4.33333333333333	"0"	0	1.78763670142002	-0.0740458848955038	-0.867910693619408	3.82442305346364	-0.805883957128083	-0.420727990826512	278	1	2	5	4	1	0	13	3.153846154	5	0	1	0	1	0	10	12	5.5	6	13	210	239
"273"	"T_15_081"	"Tånga Hed"	29	15	1	19	0	"T"	17.4424242424242	19.0909090909091	14.7575757575758	1.78762409943864	4.33333333333333	"0"	0	0.692948352750209	-0.600026998291151	-0.867910693619408	1.56918121468451	-0.805883957128083	-0.420727990826512	279	0	0	5	1	1	0	7	3.428571429	5	0	0	0	0	1	6	7	5.857142857	6	7	210	239
"274"	"T_15_082"	"Tånga Hed"	24	42.5	0	12	0	"T"	17.6969696969697	19.6060606060606	14.8787878787879	1.95398329840251	4.72727272727273	"0"	0	-0.0889718962996544	2.29286912538491	-1.28958428533072	0.692142721825958	-0.805883957128083	-0.0741058967344821	280	1	0	3	0	1	0	5	3	5	1	0	0	0	2	2	5	4.6	6	5	210	239
"275"	"T_15_083"	"Tånga Hed"	34	47.5	1	24	0	"T"	17.5393939393939	19.8030303030303	14.7121212121212	2.04072097990532	5.09090909090909	"0"	0	1.47486860180007	2.81885023878055	-0.867910693619408	2.19563728101205	-0.805883957128083	-0.288681478791452	281	2	0	7	0	1	0	10	2.8	5	0	0	1	0	2	8	11	5.545454545	6	11	210	239
"276"	"T_15_084"	"Tånga Hed"	26	38.5	0	6	0	"T"	17.130303030303	18.4393939393939	14.8636363636364	1.47244078303812	3.57575757575758	"0"	0	0.223796203320291	1.87208423466839	-1.28958428533072	-0.059604557767086	-0.805883957128083	-0.845752701439359	282	3	1	1	0	0	0	5	1.6	3	0	0	4	0	0	0	4	3	3	5	210	239
"277"	"T_15_085"	"Tånga Hed"	24	41	4	11	2	"T"	17.130303030303	18.4393939393939	14.8636363636364	1.47244078303812	3.57575757575758	"1"	1.09861228866811	-0.0889718962996544	2.13507479136621	0.39711008151454	0.566851508560451	-0.645330673599665	-0.845752701439359	283	1	0	5	0	0	0	6	2.666666667	3	0	0	0	2	1	3	6	5.166666667	6	6	210	239
"278"	"T_15_086"	"Tånga Hed"	33	20	4	9	20	"T"	16.6242424242424	18.2272727272727	14.5151515151515	1.5177529693376	3.71212121212121	"1"	3.04452243772342	1.3184845519901	-0.0740458848955038	0.39711008151454	0.316269082029436	0.799648878156106	-1.53487043612232	284	3	5	1	0	0	0	9	1.777777778	3	0	1	0	0	2	6	9	5.333333333	6	9	210	239
"279"	"T_15_087"	"Tånga Hed"	21	17.5	1	0	40	"T"	16.1939393939394	17.5151515151515	14.6515151515152	1.15683216678821	2.86363636363636	"1"	3.71357206670431	-0.558124045729573	-0.337036441593327	-0.867910693619408	-0.81135183736013	2.4051817134403	-2.1208268332779	285	2	1	0	0	0	0	3	1.333333333	2	0	1	0	0	0	1	2	4	6	3	210	239
"280"	"T_15_088"	"Tånga Hed"	34	45	0	12	20	"T"	15.6484848484848	17.2727272727273	13.6666666666667	1.46746308340856	3.60606060606061	"1"	3.04452243772342	1.47486860180007	2.55585968208273	-1.28958428533072	0.692142721825958	0.799648878156106	-2.86358846347511	286	2	3	0	0	0	0	5	1.6	2	0	0	1	0	0	3	4	5.25	6	5	210	239
"281"	"T_15_089"	"Tånga Hed"	19	20	0	12	0	"T"	16.8939393939394	18.3030303030303	14.469696969697	1.57242726211667	3.83333333333333	"0"	0	-0.870892145349518	-0.0740458848955038	-1.28958428533072	0.692142721825958	-0.805883957128083	-1.16761607452481	287	0	0	3	0	1	0	4	3.5	5	0	0	0	1	2	1	4	5	6	4	210	239
"282"	"T_15_090"	"Tånga Hed"	27	30	8	6	0	"T"	17.4787878787879	19.7575757575758	15.2878787878788	1.76674636784414	4.46969696969697	"0"	0	0.380180253130264	0.97791634189579	2.08380444835981	-0.059604557767086	-0.805883957128083	-0.371210548813361	288	0	0	9	0	1	0	10	3.2	5	0	0	0	0	0	9	9	6	6	10	210	239
"283"	"T_15_091"	"Tånga Hed"	16	17.5	0	3	0	"T"	16.8939393939394	18.3030303030303	14.469696969697	1.57242726211667	3.83333333333333	"0"	0	-1.34004429477944	-0.337036441593327	-1.28958428533072	-0.435478197563608	-0.805883957128083	-1.16761607452481	289	1	1	0	0	0	0	2	1.5	2	1	0	0	1	0	0	2	2.5	4	2	210	239
"284"	"T_15_092"	"Tånga Hed"	17	38.5	1	0	1	"T"	17.130303030303	18.4393939393939	14.8636363636364	1.47244078303812	3.57575757575758	"1"	0.693147180559945	-1.18366024496946	1.87208423466839	-0.867910693619408	-0.81135183736013	-0.725607315363874	-0.845752701439359	290	0	1	0	0	0	0	1	2	2	0	0	0	0	0	1	1	6	6	1	210	239
"285"	"T_15_093"	"Tånga Hed"	37	32.5	5	4	12	"T"	17.4787878787879	19.7575757575758	15.2878787878788	1.76674636784414	4.46969696969697	"1"	2.56494935746154	1.94402075122999	1.24090689859361	0.818783673225857	-0.310186984298101	0.15743574404243	-0.371210548813361	291	1	1	6	0	0	0	8	2.625	3	0	0	0	0	2	6	8	5.75	6	8	210	239
"286"	"T_15_094"	"Tånga Hed"	32	36	2	5	1	"T"	17.9151515151515	20.5454545454545	15.6515151515152	1.92830891314264	4.89393939393939	"1"	0.693147180559945	1.16210050218013	1.60909367797057	-0.446237101908092	-0.184895771032593	-0.725607315363874	0.222998755344402	292	1	0	6	0	1	0	8	3	5	1	0	0	0	1	2	4	4.5	6	8	210	239
"287"	"T_15_095"	"Tånga Hed"	27	20	2	14	0	"T"	17.2060606060606	19.6363636363636	14.4848484848485	1.98089471311228	5.15151515151515	"0"	0	0.380180253130264	-0.0740458848955038	-0.446237101908092	0.942725148356972	-0.805883957128083	-0.742591363911966	293	0	0	2	3	2	0	7	4	5	0	0	0	0	0	7	7	6	6	7	210	239
"288"	"T_15_096"	"Tånga Hed"	33	10	7	4	12	"T"	16.7030303030303	18.8484848484848	14.5151515151515	1.66628429264828	4.33333333333333	"1"	2.56494935746154	1.3184845519901	-1.1260081116868	1.66213085664849	-0.310186984298101	0.15743574404243	-1.42758264509384	294	0	3	6	0	0	0	9	2.666666667	3	0	0	0	0	2	7	9	5.777777778	6	9	210	239
"289"	"T_15_097"	"Tånga Hed"	32	27	4	11	9	"T"	17.8090909090909	20.1363636363636	14.7575757575758	2.06694569566984	5.37878787878788	"1"	2.30258509299405	1.16210050218013	0.662327673858402	0.39711008151454	0.566851508560451	-0.0833941812501982	0.0785728828060566	295	0	0	10	0	1	0	11	3.181818182	5	1	1	0	0	0	10	12	5.25	6	12	210	239
"290"	"T_15_098"	"Tånga Hed"	19	22	2	0	0	"T"	18.2939393939394	21.030303030303	15.3939393939394	2.32663613983953	5.63636363636364	"0"	0	-0.870892145349518	0.136346560462755	-0.446237101908092	-0.81135183736013	-0.805883957128083	0.738805442981352	296	0	0	1	2	0	0	3	3.666666667	4	0	0	0	0	0	3	3	6	6	3	210	239
"291"	"T_15_099"	"Tånga Hed"	29	20	4	5	0	"T"	18.2939393939394	21.030303030303	15.3939393939394	2.32663613983953	5.63636363636364	"0"	0	0.692948352750209	-0.0740458848955038	0.39711008151454	-0.184895771032593	-0.805883957128083	0.738805442981352	297	1	1	6	1	0	0	9	2.777777778	4	0	0	0	0	1	7	8	5.875	6	9	210	239
"292"	"T_15_100"	"Tånga Hed"	32	26	4	8	9	"T"	17.6484848484848	19.7878787878788	14.8030303030303	1.94254260709333	4.98484848484848	"1"	2.30258509299405	1.16210050218013	0.557131451179272	0.39711008151454	0.190977868763929	-0.0833941812501982	-0.14012915275201	298	1	0	11	1	0	0	13	2.923076923	4	1	0	0	0	0	12	13	5.615384615	6	13	210	239
"293"	"T_15_101"	"Tånga Hed"	36	20	5	37	0	"T"	17.0484848484848	18.530303030303	14.9545454545455	1.44099135259116	3.57575757575758	"0"	0	1.78763670142002	-0.0740458848955038	0.818783673225857	3.82442305346364	-0.805883957128083	-0.957166945968941	299	3	4	9	0	1	0	17	2.529411765	5	0	0	1	1	0	16	18	5.722222222	6	18	210	239
"294"	"T_15_102"	"Tånga Hed"	24	32.5	5	5	0	"T"	19.1606060606061	22.7272727272727	15.2424242424242	2.98101726076326	7.48484848484848	"0"	0	-0.0889718962996544	1.24090689859361	0.818783673225857	-0.184895771032593	-0.805883957128083	1.9189711442947	300	0	0	3	1	3	0	7	4	5	0	0	0	0	0	7	7	6	6	7	210	239
"295"	"T_15_103"	"Tånga Hed"	40	22	1	22	15	"T"	16.9393939393939	18.9545454545455	14.2121212121212	1.84287775713907	4.74242424242424	"1"	2.77258872223978	2.41317290065991	0.136346560462755	-0.867910693619408	1.94505485448103	0.398265669335059	-1.10571927200838	301	0	0	6	1	0	0	7	3.142857143	4	0	0	0	0	0	7	7	6	6	7	210	239
